 
1 0 0 1 1 0 0 0 0 0 0 3 3 3 3 3 3 
1 1 1 1 1 1 0 0 0 0 3 3 3 3 3 3 3 
1 1 1 1 1 1 1 0 0 0 3 3 3 3 3 3 3 
1 1 1 1 1 1 1 1 0 0 3 3 3 3 3 3 3 
1 1 1 1 1 1 1 0 0 0 3 3 3 3 3 3 3 
0 0 0 0 0 0 0 0 0 0 3 3 0 0 0 0 3 
0 0 0 0 0 0 0 0 0 0 0 0 0 0 0 0 0 
0 0 0 0 0 0 0 0 0 0 0 0 0 0 0 0 0 
0 0 0 0 0 0 0 0 0 0 0 0 0 0 0 0 0 		
0 0 0 0 0 0 0 0 0 0 4 0 0 0 0 0 0 
0 0 0 0 0 0 4 4 4 4 4 4 0 0 0 0 0 
0 0 0 0 0 4 4 4 4 4 4 4 4 0 0 0 0 
0 0 0 0 4 4 4 0 0 0 4 4 4 4 0 0 0 
0 0 0 4 4 4 4 0 0 0 4 4 4 4 4 0 0 
0 0 0 4 4 4 4 4 4 4 4 4 4 4 4 0 0 
6 0 0 4 4 4 4 4 4 4 4 4 4 4 0 0 0 
6 4 4 4 4 4 0 4 0 4 4 4 0 0 0 7 7

3 0 0 0 0 3 170 
0 0 0 0 0 0 183 
0 0 0 0 0 0 188 
0 0 0 0 0 0 188 
0 0 0 0 0 0 180  