@relation training

@attribute class {zero,one,two,three,four,five,six,seven,eight,nine}
@attribute mor_0 numeric
@attribute mor_1 numeric
@attribute mor_2 numeric
@attribute mor_3 numeric
@attribute mor_4 numeric
@attribute mor_6 numeric

@data
zero,1,0,0,130.519861,1.368366,1861.505678
zero,1,0,0,127.816861,1.461082,1782.537404
zero,1,0,0,130.230861,1.317101,1669.673789
zero,1,0,0,130.636861,1.216297,1601.070959
zero,1,0,0,129.552861,1.320467,1764.701054
zero,1,0,0,129.817861,1.296367,1791.835534
zero,1,0,0,128.800861,1.242598,1519.847054
zero,1,0,0,136.392861,1.386569,1885.099585
zero,1,0,0,134.249861,1.285432,1949.581306
zero,1,0,0,136.110861,1.272122,1819.020085
zero,1,0,0,126.278861,1.210506,1514.355177
zero,1,0,0,126.782861,1.257423,1604.499945
zero,1,0,0,131.488861,1.241247,1614.934225
zero,1,0,0,124.425861,1.276571,1701.558585
zero,1,0,0,136.086861,1.495439,1717.339068
zero,1,0,0,130.512861,1.34887,1608.475743
zero,1,0,0,133.464861,1.296726,1568.881562
zero,1,0,0,128.618861,1.225879,1517.039218
zero,1,0,0,126.186861,1.208926,1580.812573
zero,1,0,0,131.934861,1.251781,1555.877738
zero,1,0,0,137.822861,1.2931,1945.003749
zero,1,0,0,133.298861,1.354236,1880.481171
zero,1,0,0,134.390861,1.279433,1651.891693
zero,1,0,0,125.186861,1.196588,1607.212267
zero,1,0,0,132.422861,1.236974,1655.205001
zero,1,0,0,130.810861,1.248912,1627.671359
zero,1,0,0,126.882861,1.226248,1606.8253
zero,1,0,0,136.226861,1.329887,1877.636421
zero,1,0,0,130.156861,1.287706,1668.600995
zero,1,0,0,134.324861,1.301996,1785.058233
zero,1,0,0,132.538861,1.274197,1658.776947
zero,1,0,0,131.256861,1.236981,1638.090031
zero,1,0,0,132.406861,1.290279,1694.659385
zero,1,0,0,123.342861,1.343222,1700.900026
zero,1,0,0,129.048861,1.339143,1605.035208
zero,1,0,0,125.170861,1.180945,1541.397831
zero,1,0,0,128.419861,1.334423,1634.099606
zero,1,0,0,135.978861,1.303489,1853.991544
zero,1,0,0,134.235861,1.360231,2267.902684
zero,1,0,0,128.304861,1.245116,1543.955581
zero,1,0,0,129.164861,1.263976,1537.423771
zero,1,0,0,131.372861,1.358671,1638.356526
zero,1,0,0,127.956861,1.289142,1586.722364
zero,1,0,0,123.887861,1.288205,1664.23941
zero,1,0,0,134.746861,1.322585,1753.236205
zero,1,0,0,128.858861,1.270186,1632.641545
zero,1,0,0,125.136861,1.298548,1622.168475
zero,1,0,0,124.020861,1.221007,1454.976293
zero,1,0,0,134.506861,1.362977,1745.600125
zero,1,0,0,133.382861,1.272739,1567.084426
zero,1,0,0,131.066861,1.246369,1795.985887
zero,1,0,0,136.822861,1.269062,1799.855201
zero,1,0,0,127.948861,1.317956,1595.632139
zero,1,0,0,127.460861,1.292413,1608.963832
zero,1,0,0,127.072861,1.18247,1636.628705
zero,1,0,0,128.469861,1.304331,1668.804985
zero,1,0,0,131.802861,1.30883,1766.959705
zero,1,0,0,124.384861,1.364778,1788.18042
zero,1,0,0,125.070861,1.273953,1558.653074
zero,1,0,0,131.868861,1.299064,1677.247402
zero,1,0,0,123.945861,1.239283,1634.678494
zero,1,0,0,128.122861,1.238959,1508.249286
zero,1,0,0,127.758861,1.362188,1549.720967
zero,1,0,0,130.156861,1.428109,1849.047453
zero,1,0,0,130.578861,1.217083,1620.643384
zero,1,0,0,130.140861,1.293127,1601.576424
zero,1,0,0,130.958861,1.279225,1750.990786
zero,1,0,0,129.403861,1.310423,1731.031579
zero,1,0,0,125.310861,1.283107,1573.404626
zero,1,0,0,131.536861,1.355819,1831.15225
zero,1,0,0,133.282861,1.291134,1777.046545
zero,1,0,0,128.924861,1.201011,1605.448565
zero,1,0,0,133.076861,1.263331,1767.44919
zero,1,0,0,131.198861,1.287761,1697.677432
zero,1,0,0,131.620861,1.253776,1853.712744
zero,1,0,0,124.136861,1.263616,1560.034174
zero,1,0,0,125.442861,1.298215,1591.472529
zero,1,0,0,136.912861,1.412175,2092.472544
zero,1,0,0,127.650861,1.269962,1653.768568
zero,0,2,0,218.300861,2.229401,9370.670736
zero,1,0,0,129.891861,1.286668,1782.854228
zero,1,0,0,127.262861,1.329637,1647.720235
zero,1,0,0,131.554861,1.294393,1768.849417
zero,1,0,0,134.490861,1.295977,1728.132575
zero,1,0,0,126.939861,1.290469,1732.9834
zero,1,0,0,129.478861,1.270878,1695.055281
zero,1,0,0,135.300861,1.306836,1690.068384
zero,1,0,0,132.976861,1.302848,1628.679826
zero,1,0,0,127.948861,1.32415,1652.673224
zero,1,0,0,127.873861,1.230064,1640.155507
zero,1,0,0,129.346861,1.305646,1547.263727
zero,1,0,0,129.329861,1.306311,1847.247259
zero,1,0,0,134.266861,1.271035,1794.42567
zero,1,0,0,135.432861,1.26648,1795.471446
zero,1,0,0,131.058861,1.310403,2027.211367
zero,1,0,0,128.916861,1.219017,1648.696015
zero,1,0,0,129.288861,1.255408,1590.042076
zero,1,0,0,132.414861,1.31166,1836.507388
zero,1,0,0,137.880861,1.361614,1769.867
zero,1,0,0,132.794861,1.300281,1549.259053
zero,1,0,0,128.800861,1.283,1566.947169
zero,1,0,0,129.676861,1.273593,1830.097057
zero,1,0,0,130.082861,1.297389,1680.512659
one,0,3,1,156.034861,1.526002,5673.81668
one,0,2,0,136.144861,1.462082,3576.912855
one,0,3,1,135.615861,1.346694,3253.932959
one,0,2,0,137.608861,1.351495,3213.777684
one,0,3,1,152.246861,1.536802,5779.456775
one,0,3,1,153.908861,1.355455,4170.923374
one,0,2,0,123.342861,1.438571,2738.415961
one,0,3,0,139.394861,1.379951,3790.135953
one,0,3,1,141.222861,1.404113,4416.103747
one,0,2,0,138.906861,1.407563,3432.480671
one,0,3,1,143.976861,1.524258,4804.798169
one,0,2,0,136.872861,1.3386,3119.817292
one,0,4,4,155.074861,1.512981,4419.579881
one,0,2,0,144.472861,1.351759,3132.833589
one,0,2,0,140.610861,1.333344,3467.170077
one,0,2,0,137.723861,1.281582,2761.859542
one,0,3,1,139.676861,1.547861,3766.469832
one,0,3,1,146.382861,1.381846,2991.356255
one,0,3,1,147.640861,1.684927,6336.329658
one,0,2,0,136.499861,1.291446,2286.769421
one,0,2,0,139.692861,1.521276,4354.333826
one,0,2,0,131.290861,1.252061,2972.996929
one,0,2,0,137.682861,1.496046,4395.574149
one,0,2,0,127.278861,1.247775,2630.604228
one,0,2,0,145.646861,1.403479,4165.472661
one,0,3,1,142.686861,1.359963,3636.169444
one,0,2,0,146.233861,1.375825,3239.991246
one,0,2,0,141.024861,1.317326,2880.77026
one,0,2,0,134.350861,1.28271,3345.685383
one,0,2,0,146.598861,1.48455,5011.066342
one,0,3,1,140.568861,1.337488,3745.487184
one,0,2,0,163.220861,1.700665,6735.687044
one,0,3,1,133.332861,1.483292,4427.264998
one,0,3,1,144.026861,1.495583,5471.78575
one,0,3,1,142.082861,1.31785,3822.730542
one,0,2,0,126.740861,1.237281,2610.744883
one,0,3,1,157.316861,1.751471,6954.974642
one,0,2,0,133.381861,1.290572,2397.648513
one,0,3,1,130.818861,1.318817,3223.869449
one,0,2,0,130.578861,1.233348,2197.130197
one,0,2,0,130.347861,1.236025,2389.435743
one,0,2,0,136.194861,1.452134,3334.110374
one,0,3,1,140.312861,1.488617,5247.761414
one,0,3,1,145.200861,1.497661,5041.668302
one,0,2,0,144.448861,1.353771,3793.768256
one,0,3,1,138.269861,1.344208,2626.221609
one,0,2,0,160.790861,1.728012,6309.708086
one,0,2,0,137.062861,1.337247,3381.278613
one,0,3,1,129.990861,1.23125,2034.494568
one,0,3,1,143.828861,1.459323,5085.762724
one,0,2,0,128.024861,1.433186,3643.662587
one,0,3,1,136.078861,1.475338,4657.636548
one,0,3,1,150.354861,1.765731,6730.247605
one,0,2,0,138.534861,1.29265,3228.25438
one,0,3,1,135.202861,1.353539,3880.477799
one,0,2,0,148.756861,1.675862,4918.628047
one,0,3,1,148.400861,1.456604,4637.840506
one,0,3,1,137.599861,1.368942,4152.130618
one,0,2,0,129.058861,1.391034,2890.509108
one,0,3,1,136.293861,1.316427,2755.237171
one,0,2,0,136.086861,1.340616,3582.058458
one,0,3,1,136.574861,1.35959,3654.52119
one,0,3,1,142.272861,1.383946,4014.584125
one,0,2,0,133.795861,1.322084,2805.48196
one,0,3,1,144.398861,1.525507,5269.595167
one,0,2,0,130.818861,1.329903,2834.456024
one,0,3,1,139.658861,1.384271,4088.052863
one,0,2,0,138.642861,1.407615,3198.815151
one,0,2,0,141.710861,1.454872,4056.328943
one,0,2,0,133.290861,1.325249,3081.266706
one,0,2,0,146.696861,1.416077,4380.491688
one,0,2,0,142.388861,1.403554,3740.200314
one,0,3,1,131.174861,1.304211,3276.901804
one,0,2,0,140.130861,1.350325,3655.555177
one,0,2,0,137.798861,1.401772,3648.335381
one,0,3,1,139.584861,1.298194,3055.208616
one,0,2,0,128.536861,1.547521,3634.413998
one,0,2,0,134.597861,1.325947,3491.201695
one,0,3,1,144.976861,1.384161,4001.242925
one,0,2,0,141.528861,1.421352,4289.40047
one,0,2,0,130.139861,1.168549,1942.058817
one,0,2,0,142.711861,1.341198,3359.635559
one,0,2,0,136.806861,1.444288,3560.92153
one,0,3,1,135.689861,1.332648,3541.002374
one,0,3,1,140.081861,1.484068,4474.208679
one,0,3,1,141.876861,1.491559,4718.591999
one,0,3,1,146.589861,1.411742,4624.49115
one,0,3,1,143.034861,1.351755,4163.442773
one,0,2,0,127.552861,1.281806,2914.535192
one,0,2,0,134.606861,1.316439,2984.782311
one,0,2,0,135.978861,1.217897,2378.94171
one,0,3,1,134.010861,1.342451,3413.02932
one,0,3,1,131.744861,1.312326,3355.984762
one,0,3,1,146.556861,1.532271,5572.131455
one,0,2,0,139.419861,1.361058,2385.083143
one,0,2,0,133.928861,1.257261,3290.017059
one,0,2,0,145.058861,1.28951,3239.715038
one,0,2,0,135.474861,1.30016,3061.816664
one,0,2,0,145.448861,1.353467,3350.713203
one,0,3,1,141.610861,1.358262,4615.541733
two,0,2,0,181.392861,2.008597,9965.915743
two,0,2,0,191.150861,1.978231,11158.094989
two,0,2,0,190.944861,2.109499,9958.568754
two,0,2,0,195.020861,2.041775,10576.933088
two,0,2,0,207.822861,2.172815,12274.344057
two,0,2,0,194.152861,1.962321,11270.596774
two,0,2,0,197.262861,2.08986,9520.673751
two,0,2,0,193.068861,1.957658,10291.735735
two,0,2,0,200.768861,2.066672,11587.085794
two,0,2,0,205.912861,2.038452,12582.807804
two,0,2,0,175.080861,1.852247,8488.775971
two,0,2,0,184.782861,2.03364,9803.585155
two,0,2,0,200.850861,2.009487,11787.397273
two,0,3,1,184.492861,2.024295,9561.246416
two,0,2,0,180.084861,2.065354,10383.516035
two,0,2,0,182.714861,1.994255,10369.663556
two,0,2,0,164.262861,1.924068,8348.204419
two,0,2,0,197.734861,2.16143,11864.419656
two,0,2,0,206.318861,2.225389,12793.897095
two,0,2,0,189.504861,2.145209,10719.733324
two,0,2,0,200.198861,2.3172,11504.647461
two,0,2,0,203.854861,2.17821,12826.225572
two,0,2,0,190.885861,1.993,10160.088215
two,0,2,0,206.400861,2.049603,12174.213562
two,0,2,0,206.590861,2.084024,12109.130588
two,0,2,0,189.372861,1.886365,10142.291887
two,0,3,1,190.000861,2.034562,10087.465598
two,1,1,1,153.478861,1.588361,5167.201292
two,0,2,0,182.764861,1.877596,9377.221221
two,0,3,1,152.494861,1.713878,5908.136094
two,0,2,0,200.942861,2.111057,12115.815796
two,0,2,0,204.382861,2.123762,12497.722802
two,0,2,0,163.849861,1.784349,7033.617718
two,0,2,0,204.366861,2.113582,11473.956852
two,0,2,0,200.570861,2.102779,11487.182576
two,0,2,0,174.974861,2.063824,10287.065861
two,0,2,0,185.526861,2.049642,10041.996664
two,0,2,0,188.520861,1.943182,10355.376555
two,0,2,0,191.968861,2.090569,11575.880161
two,0,2,0,157.886861,1.756449,6514.907249
two,0,2,0,204.474861,2.202282,13686.018707
two,0,2,0,188.256861,1.998681,9546.505101
two,0,2,0,201.934861,2.351188,12998.871847
two,0,2,0,197.866861,2.164499,11817.640146
two,0,2,0,212.356861,2.405833,13238.901705
two,0,2,0,192.110861,2.188854,11248.936007
two,0,2,0,194.012861,1.899707,10621.097542
two,0,2,0,178.166861,2.060457,10367.975021
two,0,2,0,185.676861,1.995461,11184.708343
two,0,2,0,194.706861,2.077484,10844.623006
two,0,2,0,181.432861,1.920799,9503.117046
two,0,2,0,169.936861,1.787797,8925.453146
two,0,2,0,183.450861,1.924623,9915.45606
two,0,2,0,203.166861,1.958895,11654.644098
two,0,2,0,182.838861,1.967819,9629.454458
two,0,2,0,202.926861,2.335056,11790.590911
two,1,1,1,159.722861,1.657448,5540.35815
two,0,2,0,195.542861,1.960083,11127.522887
two,0,2,0,193.002861,1.836388,10251.059662
two,0,3,1,203.770861,2.025999,12442.14279
two,0,2,0,199.552861,2.048706,11627.201229
two,0,2,0,195.880861,2.039572,10007.79328
two,0,2,0,177.174861,2.040429,9774.504211
two,0,2,0,194.864861,1.999253,10878.2649
two,0,2,0,175.800861,1.841819,9071.296402
two,0,2,0,161.616861,1.770618,6720.473842
two,0,2,0,198.568861,2.224649,11660.197663
two,0,2,0,189.910861,1.961442,10494.54043
two,0,2,0,183.070861,2.094414,11134.715721
two,0,3,1,177.024861,1.870185,9013.051976
two,0,2,0,198.188861,1.997991,11721.200167
two,0,3,1,184.698861,1.94989,9398.358074
two,0,2,0,206.838861,2.024075,12424.144391
two,0,2,0,188.296861,1.825141,8658.349388
two,0,2,0,180.324861,1.898403,9638.135226
two,0,2,0,197.130861,1.967326,10926.199659
two,0,2,0,184.320861,2.066654,10969.361836
two,0,2,0,188.098861,1.929836,10866.637576
two,0,2,0,176.776861,1.878131,8604.726175
two,0,2,0,187.776861,1.967289,10303.50152
two,0,2,0,172.072861,2.062303,9499.490563
two,0,2,0,187.610861,1.99465,9487.464661
two,0,2,0,188.926861,1.998729,10406.002131
two,0,2,0,175.692861,1.965263,9308.355267
two,0,2,0,186.048861,2.018593,11075.259967
two,0,2,0,187.114861,1.92869,9843.096845
two,0,2,0,194.690861,2.005442,10439.851479
two,0,2,0,166.214861,1.922235,7927.742891
two,0,2,0,190.992861,1.985973,10628.615973
two,0,2,0,202.538861,2.360232,13014.443008
two,0,2,0,208.716861,2.104126,12055.420322
two,0,3,1,206.194861,2.065553,12718.16452
two,0,2,0,180.052861,1.847286,9837.072335
two,0,2,0,185.451861,1.995942,10102.218858
three,0,3,1,175.726861,1.855172,8390.676164
three,0,2,0,181.970861,1.986135,8527.398384
three,0,3,1,176.380861,2.03809,9590.974495
three,0,3,1,172.476861,1.933856,10063.712728
three,0,3,1,172.932861,2.003297,10281.3982
three,0,3,1,190.314861,2.023399,10211.824353
three,0,4,2,187.032861,1.884321,10698.328634
three,0,3,1,175.701861,1.874705,7955.096455
three,0,4,2,175.974861,1.891194,9061.175027
three,0,3,1,190.208861,1.991395,11393.367271
three,0,3,1,183.152861,1.993077,9901.108292
three,0,2,0,165.008861,1.861926,8109.946227
three,0,3,1,183.648861,1.989612,9150.224116
three,0,4,2,172.468861,1.924666,10098.776836
three,0,2,0,176.040861,1.770195,7356.225933
three,0,3,1,185.650861,1.993735,10466.95006
three,0,3,1,206.094861,2.184971,13448.248867
three,0,2,0,162.940861,1.593542,6285.724599
three,0,2,0,171.566861,1.749838,9298.727567
three,0,3,1,155.166861,1.767925,7200.174744
three,0,3,1,182.144861,1.932423,10334.978467
three,0,3,1,163.081861,1.730179,6343.282297
three,0,2,0,192.630861,1.879394,11076.026497
three,0,3,1,191.522861,2.133962,10939.174941
three,0,2,0,159.888861,1.682088,7059.039253
three,0,3,1,195.112861,2.026062,12050.609485
three,0,4,2,193.846861,1.974496,10159.923818
three,0,3,1,209.062861,2.29042,12900.695228
three,0,3,1,190.744861,2.042529,10965.806855
three,0,4,2,184.624861,1.751698,9678.079131
three,0,4,2,158.508861,1.708454,7317.155703
three,0,2,0,152.636861,1.757838,6438.94189
three,0,3,1,179.026861,1.84903,8527.506976
three,0,3,0,143.142861,1.546225,5338.505378
three,0,4,2,175.478861,1.82714,9665.159322
three,0,3,1,172.550861,1.846375,9906.514028
three,0,3,1,162.693861,1.681466,6887.740974
three,0,2,0,170.614861,1.958364,8276.339409
three,0,3,1,165.082861,1.643385,8263.715861
three,0,4,2,194.640861,2.130812,12182.301677
three,0,2,0,172.012861,1.778974,8697.084662
three,0,4,2,172.220861,1.82071,8677.42931
three,0,4,2,187.346861,2.006142,11269.239772
three,0,4,2,201.752861,2.00469,12247.228131
three,0,3,1,153.248861,1.790433,6610.251123
three,0,4,2,191.398861,2.079718,11453.373893
three,0,2,0,167.605861,1.941587,8221.398903
three,0,2,0,186.080861,2.071711,10529.158964
three,0,4,2,202.670861,2.005123,11249.856365
three,0,3,1,208.394861,2.143745,13418.205456
three,0,2,0,145.912861,1.655749,5204.765756
three,0,3,1,174.792861,2.003007,10477.241338
three,0,3,1,169.888861,1.787292,8188.013445
three,0,3,1,203.091861,2.221656,13438.731435
three,0,4,2,183.310861,1.932532,9301.735274
three,0,3,1,171.078861,1.89585,8202.033797
three,0,4,2,203.142861,2.027324,13242.815125
three,0,4,2,211.362861,2.202276,15845.420424
three,0,3,1,159.798861,1.786072,7304.182941
three,0,3,1,194.888861,2.195575,10933.300758
three,0,3,1,202.397861,2.199232,14817.290386
three,0,2,0,154.082861,1.794033,6626.833373
three,0,3,1,174.304861,1.92419,9046.521241
three,0,4,2,162.776861,1.780643,6368.285117
three,0,3,1,178.712861,1.80511,9524.782811
three,0,2,0,148.988861,1.720132,6202.221602
three,0,3,1,160.766861,1.798304,8207.871306
three,0,3,1,146.888861,1.81363,6882.786349
three,0,3,1,182.516861,1.897838,11437.436131
three,0,3,1,192.010861,2.002006,11134.455481
three,0,4,2,188.718861,1.974437,10852.680114
three,0,3,1,174.056861,1.857153,8846.744263
three,0,3,1,157.672861,1.772074,7814.674346
three,0,3,1,172.378861,1.911732,8420.247278
three,0,3,1,187.362861,2.076305,11248.090349
three,0,2,0,154.504861,1.627712,6124.557304
three,0,3,1,166.704861,1.830507,8052.601609
three,0,3,1,189.140861,1.978852,11244.678826
three,0,3,1,166.108861,1.871346,6979.793082
three,0,3,1,217.854861,2.374242,16356.147439
three,0,3,1,158.078861,1.753141,6033.595279
three,0,3,1,190.348861,2.190323,10871.545381
three,0,3,1,164.918861,1.726621,8540.315839
three,0,4,2,180.928861,1.742446,10463.681107
three,0,2,0,165.462861,1.608568,7739.406955
three,0,3,1,210.138861,2.164566,12664.493272
three,0,3,1,184.236861,1.852611,9926.684989
three,0,2,0,176.454861,1.78574,10076.938677
three,0,3,1,184.814861,1.945672,10767.472032
four,0,3,1,152.188861,1.757077,7573.708287
four,0,2,0,151.899861,1.711271,5926.192985
four,0,3,1,153.950861,1.768555,7029.150846
four,0,3,1,167.298861,1.821909,9237.2203
four,0,6,2,118.124861,1.577862,4756.590846
four,0,3,1,167.612861,1.870475,9006.576856
four,0,3,1,155.794861,1.694106,6382.724165
four,0,6,2,114.718861,1.460458,4695.095258
four,0,3,1,163.620861,1.738358,8313.907844
four,0,3,1,162.684861,1.812647,8306.160447
four,0,2,0,153.768861,1.541349,6642.731584
four,0,4,2,160.162861,1.792958,8453.772177
four,0,2,0,164.404861,1.801163,7544.119891
four,0,2,0,162.626861,1.722917,7025.180583
four,0,3,1,162.162861,1.838659,9115.767824
four,0,3,1,152.850861,1.787317,7950.140298
four,0,2,0,162.568861,1.749662,7734.9652
four,0,2,0,161.262861,1.74967,6405.390424
four,0,2,0,153.958861,1.687993,6349.397568
four,0,3,1,162.724861,1.827403,9359.882447
four,0,2,0,145.812861,1.629751,5873.688014
four,0,3,1,158.176861,1.767943,8837.690048
four,0,3,1,152.808861,1.707945,6332.259288
four,0,2,0,152.958861,1.754252,7027.38511
four,0,2,0,155.704861,1.737588,6036.654281
four,0,3,1,149.740861,1.711696,6359.740555
four,0,3,1,159.756861,1.707018,7929.071697
four,0,2,0,146.400861,1.58842,5818.681688
four,0,2,0,152.604861,1.82733,7040.541791
four,0,3,1,157.166861,1.770607,6909.184114
four,0,2,0,152.122861,1.771212,6661.762288
four,0,3,1,163.684861,1.75403,7703.2111
four,0,3,1,170.136861,1.94325,8860.475273
four,0,3,1,163.064861,1.737387,8403.623968
four,0,2,0,155.192861,1.748369,6225.599895
four,0,4,2,161.816861,1.77281,8095.260668
four,0,3,1,164.288861,1.734419,8314.07354
four,0,4,2,155.628861,1.7983,7490.574784
four,0,3,1,162.370861,1.774868,8280.354469
four,0,3,1,165.172861,1.934727,9146.979155
four,0,3,1,154.934861,1.688522,7329.973134
four,0,4,2,168.126861,1.883595,9468.033592
four,0,3,1,159.624861,1.876223,7075.751414
four,0,3,1,152.950861,1.641376,5971.371266
four,0,3,1,166.016861,1.788073,8751.433836
four,0,3,1,164.892861,1.80924,7835.670501
four,0,4,2,154.438861,1.769764,8250.638915
four,0,3,1,168.530861,1.645248,7900.774068
four,0,3,1,162.476861,1.83189,7243.715822
four,0,3,1,131.878861,1.484535,3621.131953
four,0,4,2,139.370861,1.525749,4872.028407
four,0,4,2,167.852861,1.768334,8463.835796
four,0,2,0,176.412861,1.895901,8599.266653
four,0,3,1,162.345861,1.740938,8835.079006
four,0,3,1,154.976861,1.824761,6841.245828
four,0,3,1,152.370861,1.678205,6924.095828
four,0,3,1,173.592861,1.836505,8935.831165
four,0,2,0,163.222861,1.900452,7578.850897
four,0,3,1,157.026861,1.667119,7316.139782
four,0,2,0,149.120861,1.633717,5774.548736
four,0,3,1,158.706861,1.67902,8574.682952
four,0,2,0,161.186861,1.724774,6760.364608
four,0,3,1,155.430861,1.640904,7442.470438
four,0,3,1,152.246861,1.737492,7674.506116
four,0,2,0,168.200861,1.807647,8384.333374
four,0,3,1,165.602861,1.908752,9296.397125
four,0,3,1,174.650861,1.841235,9831.743035
four,0,3,1,143.604861,1.574473,5483.127442
four,0,4,2,155.960861,1.772639,7675.373955
four,0,3,1,159.458861,1.696548,7908.003397
four,0,2,0,148.128861,1.627766,6230.010932
four,0,3,1,147.888861,1.602196,6286.78863
four,0,2,0,148.078861,1.622301,6558.876744
four,0,4,2,168.406861,1.90179,9563.352099
four,0,2,0,160.724861,1.809249,6880.07859
four,0,4,2,160.054861,1.868347,9065.882403
four,0,3,1,146.044861,1.66535,6194.822697
four,0,3,1,164.122861,1.725432,8533.381085
four,0,3,1,156.902861,1.753704,7847.201448
four,0,3,1,172.466861,1.737572,8243.743408
four,0,3,1,149.675861,1.732422,5827.969893
four,0,3,1,168.456861,1.797402,8899.883121
four,0,4,2,145.606861,1.699693,6961.110328
four,0,3,1,161.732861,1.750888,8265.003574
four,0,3,1,157.548861,1.683426,6946.219021
four,0,2,0,145.448861,1.550802,5775.93994
four,0,3,1,164.238861,1.825694,8714.931681
four,0,3,1,163.336861,1.856474,8800.601211
four,0,3,1,138.096861,1.530352,5602.350191
four,0,3,1,161.566861,1.823087,8481.510965
four,0,3,1,152.776861,1.693032,7281.139939
four,0,3,1,145.481861,1.657577,5967.158091
four,0,4,2,165.058861,1.893024,6946.706574
four,0,2,0,152.264861,1.693906,5996.528818
four,0,3,1,176.668861,2.019512,8371.920576
four,0,4,1,157.672861,1.766475,6775.265889
four,0,3,1,167.612861,1.961618,8222.614156
four,0,3,1,159.226861,1.858682,8155.175753
four,0,3,1,155.248861,1.750396,6838.153574
four,0,4,2,158.094861,1.679648,7023.251119
four,0,3,1,154.702861,1.684737,7370.121208
four,0,2,0,136.392861,1.368039,3387.761631
four,0,3,1,152.420861,1.620515,6407.950926
four,0,4,2,154.356861,1.745926,7682.991676
four,0,4,1,154.992861,1.773189,7537.863465
four,0,4,2,155.372861,1.695829,7497.890571
four,0,2,0,133.788861,1.3302,3193.355246
four,0,3,1,165.678861,1.749094,6871.440367
four,0,3,1,158.102861,1.782574,6902.26457
four,0,2,0,157.746861,1.719168,7312.454561
four,0,3,1,155.952861,1.648726,7043.909731
four,0,2,0,144.902861,1.553885,5890.613832
four,0,3,1,154.536861,1.680427,7140.100545
four,0,3,1,161.204861,1.798965,6392.075713
four,0,2,0,150.660861,1.764743,6041.304945
five,0,3,1,196.756861,1.968527,11902.356448
five,0,3,1,199.966861,2.039494,13436.646565
five,0,3,1,193.169861,1.919406,13072.870192
five,0,2,0,180.092861,2.037025,9605.468984
five,0,2,0,205.324861,2.06861,12950.392482
five,0,3,1,198.510861,2.008949,12215.266435
five,0,3,1,186.666861,1.915144,11283.444567
five,0,3,1,200.652861,1.981506,13896.459506
five,0,3,1,186.038861,1.809676,10115.298724
five,0,3,1,178.727861,1.936299,9894.857728
five,0,2,0,204.034861,1.980027,13630.70529
five,0,2,0,213.396861,2.177892,14333.800857
five,0,3,1,186.246861,1.962115,11315.088636
five,0,3,1,214.884861,2.148545,14945.871904
five,0,3,1,185.062861,2.021396,10928.326301
five,0,3,1,164.552861,1.668515,6735.737738
five,0,3,1,187.784861,1.855568,12254.040031
five,0,2,0,190.354861,1.990185,10787.275536
five,0,3,1,201.082861,2.078222,13518.536656
five,0,3,1,197.278861,2.054128,12679.956909
five,0,2,0,170.019861,1.685203,8105.99096
five,0,3,1,214.736861,2.124498,15319.350652
five,0,3,1,206.598861,2.024164,14745.69674
five,0,3,1,209.732861,2.125253,15496.207243
five,0,2,0,190.430861,1.852398,11344.820384
five,0,3,1,191.770861,1.882295,11819.865416
five,0,3,1,208.384861,2.052836,14716.931085
five,0,3,1,192.232861,1.958056,12567.194357
five,0,3,1,221.409861,2.255248,16320.754401
five,0,2,0,170.664861,1.869745,7974.71243
five,0,3,1,211.047861,2.188569,15227.636589
five,0,2,0,157.474861,1.854173,8127.989723
five,0,2,0,176.858861,1.880336,9021.524961
five,0,2,0,192.688861,1.893599,11999.51754
five,0,3,1,209.550861,2.248772,14877.190036
five,0,3,1,169.829861,1.713191,9155.175602
five,0,3,1,205.440861,2.000787,14158.119163
five,0,2,0,193.606861,2.09595,13252.184397
five,0,2,0,188.132861,1.960233,12290.775144
five,0,3,1,195.979861,2.276043,12642.133381
five,0,2,0,199.594861,2.010881,13193.454632
five,0,3,1,187.668861,2.00959,10700.893916
five,0,3,1,211.254861,2.077313,13534.033707
five,0,3,1,187.768861,1.959115,11744.776432
five,0,3,1,212.064861,1.976588,14630.500745
five,0,3,1,190.810861,2.159993,12616.408938
five,0,2,0,202.760861,2.023512,12496.367184
five,0,3,1,173.682861,1.663958,8841.968616
five,0,3,1,203.348861,2.009361,13495.202528
five,0,2,0,174.220861,2.028505,9504.139244
five,0,2,0,197.062861,1.878226,11408.922963
five,0,2,0,178.926861,2.074482,9820.566203
five,0,3,1,207.648861,2.209261,12900.521361
five,0,3,1,199.395861,1.943073,13363.326997
five,0,2,0,178.810861,2.050743,9694.059784
five,0,3,1,226.462861,2.321903,17572.199943
five,0,3,1,197.774861,2.158629,12291.34914
five,0,2,0,180.142861,1.685506,10686.689399
five,0,2,0,173.790861,2.001458,9241.17846
five,0,2,0,201.612861,2.018381,13667.143426
five,0,2,0,191.902861,2.238198,11197.459489
five,0,3,1,206.920861,2.388978,13600.93712
five,0,3,1,207.970861,2.050008,13458.901259
five,0,3,1,227.068861,2.305388,17080.824219
five,0,3,1,181.558861,1.990598,11738.892888
five,0,2,0,209.798861,2.055516,13672.51993
five,0,2,0,186.808861,1.945112,12189.995166
five,0,3,1,189.934861,1.856424,11787.076547
five,0,3,1,213.098861,2.300201,15243.975531
five,0,3,1,217.986861,2.125508,15088.926868
five,0,3,1,206.020861,2.297292,13819.734466
five,0,3,1,212.204861,2.182938,15406.875378
five,0,2,0,180.679861,2.068762,9746.836405
five,0,3,1,202.538861,2.11322,14753.543904
five,0,3,1,192.108861,1.949183,11871.42647
five,0,2,0,210.808861,2.192023,13242.937697
five,0,3,1,197.832861,2.009862,12181.286853
five,0,2,0,152.505861,1.667034,6263.505386
five,0,2,0,211.320861,2.09846,13706.803401
five,0,3,1,214.355861,2.082652,15228.181591
five,0,3,1,210.660861,2.187514,15847.073122
five,0,2,0,182.134861,1.883656,9684.053766
five,0,3,1,192.282861,1.983284,12149.882392
five,0,3,1,198.600861,2.011154,13512.77788
five,0,3,1,203.620861,1.972511,12767.03297
five,0,3,1,215.232861,2.107486,14951.708556
five,0,3,1,224.403861,2.272451,16731.348249
five,0,3,1,207.260861,2.006589,14217.788152
five,0,3,1,214.355861,2.082652,15228.181591
five,0,2,0,187.386861,2.119527,10299.711876
five,0,3,1,190.108861,1.95694,12037.737847
five,0,3,1,179.480861,1.866269,10479.969414
five,0,2,0,191.928861,2.006641,12731.331079
five,0,2,0,209.690861,2.099251,14252.117936
five,0,3,1,210.518861,2.076392,15091.805526
five,0,3,1,205.540861,2.122872,14013.704093
five,0,2,0,193.268861,2.019264,13516.477816
five,0,2,0,181.142861,1.956699,10845.718373
five,0,2,0,190.669861,1.831992,10589.774726
five,0,3,1,190.472861,1.935089,11436.202316
five,0,2,0,188.785861,1.836397,12341.959659
five,0,2,0,185.412861,1.939848,11749.992101
six,1,1,1,140.494861,1.446224,3752.246386
six,1,1,1,126.510861,1.441427,3470.609932
six,1,1,1,141.661861,1.548499,4162.402067
six,1,1,1,164.388861,1.725833,5683.979284
six,1,1,1,160.004861,1.708443,5346.433307
six,1,1,1,137.616861,1.411906,3772.102425
six,1,1,1,134.962861,1.377408,3387.866166
six,1,1,1,137.012861,1.431504,3631.859403
six,1,1,1,138.700861,1.477798,3694.513743
six,1,1,1,137.046861,1.442786,3381.939491
six,1,1,1,149.634861,1.542364,4258.511802
six,1,1,1,136.790861,1.384336,3384.28946
six,1,1,1,145.662861,1.514625,3993.685699
six,1,1,1,135.168861,1.438116,3426.276997
six,1,1,1,131.554861,1.400662,3258.891919
six,1,1,1,140.386861,1.548576,3944.362536
six,1,1,1,150.204861,1.641882,4521.846761
six,1,1,1,146.624861,1.578063,4312.652687
six,1,1,1,131.348861,1.492901,3110.505475
six,1,1,1,136.648861,1.467495,3665.44948
six,1,1,1,151.890861,1.556296,4766.838427
six,1,1,1,140.328861,1.519173,3909.114125
six,1,2,2,159.598861,1.608955,5502.827209
six,1,1,1,139.038861,1.390192,3757.750943
six,1,1,1,132.960861,1.419682,3583.983013
six,1,1,1,147.193861,1.46439,3982.201795
six,1,1,1,133.812861,1.555376,3787.03556
six,1,1,1,154.884861,1.451577,4985.377018
six,1,1,1,132.994861,1.398182,3345.732634
six,1,1,1,138.782861,1.456001,3590.409352
six,1,1,1,152.404861,1.620345,5243.267754
six,1,1,1,130.852861,1.430346,3260.08949
six,1,1,1,133.358861,1.370034,3378.034885
six,1,1,1,139.452861,1.332184,3490.171798
six,1,1,1,131.886861,1.367668,3046.965225
six,1,1,1,139.270861,1.622955,3932.185128
six,1,1,1,134.920861,1.559018,3429.917439
six,1,1,1,144.994861,1.582557,4458.557371
six,1,1,1,142.372861,1.539036,4074.165662
six,1,1,1,141.950861,1.529987,4273.277504
six,1,1,1,140.214861,1.389782,3632.041577
six,1,1,1,138.774861,1.481761,3734.586274
six,1,1,1,130.678861,1.33456,2708.419536
six,1,1,1,133.564861,1.429206,3456.270609
six,1,1,1,144.108861,1.482439,4300.67317
six,1,1,1,133.622861,1.33688,3103.297143
six,1,1,1,150.428861,1.510733,4752.267346
six,1,1,1,135.110861,1.385279,3389.102913
six,1,1,1,133.200861,1.464837,3366.476376
six,1,1,1,157.680861,1.589619,5287.677612
six,1,1,1,136.294861,1.45424,3827.672983
six,1,1,1,151.742861,1.603092,5137.84819
six,1,1,1,131.960861,1.498641,3091.3223
six,1,1,1,162.286861,1.573958,5573.324353
six,1,1,1,160.144861,1.525486,5962.293154
six,1,1,1,148.450861,1.623929,4380.418535
six,1,1,1,135.722861,1.48025,3505.5015
six,1,1,1,135.524861,1.434779,3419.240362
six,1,1,1,149.244861,1.56576,4420.081123
six,1,1,1,135.044861,1.483988,3865.489708
six,1,1,1,139.188861,1.36125,3415.757077
six,1,1,1,131.596861,1.338682,3078.477817
six,1,1,1,138.360861,1.353152,3787.671292
six,1,1,1,140.214861,1.448171,3921.898227
six,1,1,1,134.152861,1.506539,3872.733546
six,1,1,1,135.574861,1.437334,4073.644988
six,1,1,1,139.312861,1.426479,3833.659194
six,1,1,1,133.696861,1.490824,3368.277093
six,1,1,1,138.502861,1.444103,3744.579494
six,1,1,1,141.462861,1.427947,3822.61863
six,1,1,1,132.464861,1.343152,3124.956408
six,1,1,1,130.942861,1.514323,3510.701878
six,1,1,1,162.790861,1.705517,5963.337205
six,1,1,1,134.838861,1.442839,3505.648025
six,1,1,1,148.698861,1.583194,4722.321164
six,1,1,1,145.482861,1.596269,4437.112998
six,1,1,1,133.340861,1.391232,3276.395058
six,1,1,1,135.044861,1.339365,3242.808674
six,1,2,1,139.850861,1.458158,3524.816504
six,1,1,1,133.688861,1.416339,3347.27832
six,1,1,1,131.298861,1.422464,3277.275536
six,1,1,1,131.910861,1.340135,2746.513927
six,1,1,1,137.930861,1.353019,3194.798349
six,1,1,1,142.520861,1.321912,3435.96684
six,1,1,1,136.294861,1.45424,3827.672983
six,1,1,1,135.260861,1.495467,3592.353529
six,1,1,1,143.026861,1.613885,4249.885793
six,1,1,1,149.534861,1.514282,4363.931375
six,1,1,1,147.854861,1.423925,3669.320722
six,1,1,1,134.598861,1.521221,3870.753021
six,1,1,1,134.052861,1.364553,3101.21277
seven,0,2,0,150.038861,1.666552,5114.151769
seven,0,2,0,171.490861,1.965168,7399.497323
seven,0,2,0,147.788861,1.619124,4827.525901
seven,0,2,0,158.242861,1.690841,6450.001211
seven,0,2,0,165.900861,1.776495,7074.891389
seven,0,2,0,149.520861,1.897725,7289.736604
seven,0,3,1,177.644861,2.059619,8540.495366
seven,0,2,0,159.540861,1.776231,7222.245272
seven,0,2,0,168.282861,1.784096,6781.212295
seven,0,2,0,142.744861,1.590474,4396.193842
seven,0,2,0,151.386861,1.733361,5417.69733
seven,0,2,0,151.684861,1.631335,5022.429939
seven,0,2,0,145.076861,1.561402,4603.182278
seven,0,2,0,153.950861,1.815847,5858.313683
seven,0,2,0,167.670861,1.790296,6451.14901
seven,0,2,0,153.834861,1.788102,5658.90103
seven,0,2,0,165.314861,1.872885,6989.193932
seven,0,2,0,138.784861,1.625635,4338.716587
seven,0,2,0,153.876861,1.639492,5399.077699
seven,0,2,0,149.740861,1.66067,5272.361447
seven,0,2,0,145.166861,1.694557,5025.357106
seven,0,2,0,148.276861,1.832524,5463.703246
seven,0,2,0,147.632861,1.621086,5048.215818
seven,0,2,0,148.202861,1.680375,5132.458296
seven,0,3,1,150.038861,1.743979,6081.528557
seven,0,2,0,151.626861,1.667471,5034.63378
seven,0,2,0,149.252861,1.618167,5040.41472
seven,0,3,1,163.626861,1.807698,7304.594738
seven,0,2,0,179.256861,1.969827,8722.854512
seven,0,2,0,165.982861,1.778655,6568.861082
seven,0,2,0,146.796861,1.680806,5290.632432
seven,0,2,0,157.158861,1.670889,5314.059776
seven,0,3,1,170.978861,1.846908,7395.695911
seven,0,3,1,169.258861,1.769623,7795.440367
seven,0,3,1,153.834861,1.624055,5670.608973
seven,0,2,0,152.742861,1.693963,5537.45145
seven,0,2,0,161.186861,1.879952,6490.322959
seven,0,2,0,149.732861,1.622174,4621.767825
seven,0,2,0,156.216861,1.80661,5682.88196
seven,0,3,1,149.352861,1.746414,5238.074186
seven,0,3,1,161.550861,1.81135,7658.608567
seven,0,2,0,164.320861,1.828026,7234.665223
seven,0,3,1,162.716861,1.743657,5910.438166
seven,0,2,0,163.354861,1.956053,6661.612236
seven,0,2,0,163.964861,1.922235,6905.209731
seven,0,2,0,163.956861,1.749388,7541.671635
seven,0,2,0,171.086861,1.882908,7781.404533
seven,0,3,1,161.814861,1.791807,7290.581565
seven,0,3,1,162.741861,1.7816,6573.338199
seven,0,3,1,153.710861,1.741421,5741.904542
seven,0,2,0,154.942861,1.703938,5473.071078
seven,0,2,0,154.314861,1.793681,6255.514276
seven,0,2,0,154.090861,1.686894,5242.932566
seven,0,2,0,153.702861,1.754108,5498.001636
seven,0,2,0,158.796861,1.720371,5638.379721
seven,0,2,0,166.214861,1.749858,7366.939967
seven,0,2,0,165.056861,1.815163,7636.315451
seven,0,2,0,149.352861,1.584524,4844.883902
seven,0,2,0,147.912861,1.654522,4736.962853
seven,0,2,0,146.730861,1.670446,5143.934668
seven,0,2,0,152.370861,1.6447,5102.279936
seven,0,3,1,154.100861,1.760091,5673.020915
seven,0,2,0,155.596861,1.675845,5590.624059
seven,0,2,0,156.224861,1.724601,5599.429706
seven,0,2,0,149.376861,1.600707,5019.134661
seven,0,3,1,164.982861,1.9392,8268.120006
seven,0,2,0,155.670861,1.679091,5771.403754
seven,0,3,1,148.872861,1.637185,5111.118269
seven,0,2,0,157.456861,1.785301,6707.976019
seven,0,2,0,170.292861,1.927728,7822.51754
seven,0,2,0,147.284861,1.71781,5360.558664
seven,0,2,0,148.640861,1.637123,4923.796397
seven,0,3,1,150.800861,1.613639,5583.441335
seven,0,2,0,156.414861,1.856303,5837.602998
seven,0,2,0,160.798861,1.733136,6475.968172
seven,0,2,0,151.204861,1.748648,5467.945396
seven,0,2,0,158.400861,1.675783,5618.883059
seven,0,2,0,158.482861,1.72848,6313.478862
seven,0,2,0,182.978861,1.851763,8128.646826
seven,0,2,0,155.786861,1.652784,5409.070897
seven,0,2,0,157.786861,1.774764,5487.846081
seven,0,2,0,163.328861,1.844445,6493.591741
seven,0,2,0,171.358861,1.796521,7385.297999
seven,0,2,0,144.538861,1.648178,4699.553636
seven,0,3,1,169.332861,1.932483,7978.350447
seven,0,3,1,173.674861,1.815793,7754.129402
seven,0,2,0,151.270861,1.617505,4878.17347
seven,0,2,0,147.474861,1.665408,5107.881513
seven,0,3,1,152.378861,1.769676,5600.139191
seven,0,2,0,150.344861,1.676462,5191.939089
seven,0,2,0,154.786861,1.724647,5859.667364
seven,0,2,0,167.090861,1.885418,7108.826104
seven,0,3,1,151.196861,1.767976,5503.03986
seven,0,2,0,152.742861,1.62625,5287.995946
seven,0,2,0,171.416861,1.804623,7635.354659
eight,2,0,2,134.746861,1.295425,1750.978168
eight,2,0,2,134.539861,1.24186,2050.496219
eight,2,0,2,128.626861,1.343888,1933.915092
eight,2,0,2,132.216861,1.362828,1843.309384
eight,2,0,2,136.896861,1.380973,2133.624807
eight,2,0,2,136.019861,1.340774,2164.1778
eight,2,0,2,135.862861,1.340864,2162.956277
eight,2,0,2,128.784861,1.201674,1649.756224
eight,1,1,1,134.324861,1.28541,2131.003237
eight,2,0,2,133.911861,1.37846,1917.921424
eight,2,0,2,131.496861,1.311491,2063.889277
eight,2,0,2,141.064861,1.350685,2055.06725
eight,2,0,2,132.026861,1.257644,2090.139034
eight,2,0,2,128.676861,1.286587,1777.753184
eight,2,0,2,136.102861,1.279797,1938.760646
eight,2,0,2,137.930861,1.400386,2457.486553
eight,2,0,2,137.632861,1.44095,2371.636337
eight,2,0,2,131.306861,1.264558,1984.421895
eight,2,0,2,133.398861,1.29455,2121.614274
eight,2,0,2,138.972861,1.308967,2188.831933
eight,1,1,1,190.942861,1.977409,8075.116096
eight,2,0,2,132.009861,1.319083,1899.841952
eight,2,0,2,120.126861,1.408302,2450.887635
eight,2,0,2,127.254861,1.283707,2108.481483
eight,2,0,2,127.808861,1.334426,1988.104822
eight,2,0,2,139.336861,1.325765,2369.105419
eight,2,0,2,134.068861,1.248931,1891.984879
eight,2,1,3,141.726861,1.376182,2574.034752
eight,2,0,2,132.902861,1.341541,1871.073825
eight,2,0,2,129.528861,1.279135,1872.963289
eight,2,0,2,132.075861,1.343555,1913.776024
eight,2,0,2,131.372861,1.229189,1777.64522
eight,2,0,2,131.232861,1.274285,1785.374617
eight,2,0,2,132.150861,1.284722,2083.884381
eight,2,0,2,132.009861,1.338539,2065.702851
eight,2,0,2,134.366861,1.306265,1958.665971
eight,2,0,2,136.202861,1.331247,2239.219527
eight,2,0,2,127.378861,1.27682,1909.905917
eight,2,0,2,125.534861,1.271243,1763.870384
eight,2,0,2,134.861861,1.255633,2222.223344
eight,2,0,2,131.330861,1.350095,2183.603608
eight,2,0,2,133.266861,1.293269,1878.885378
eight,2,0,2,133.125861,1.348984,2289.727102
eight,2,0,2,132.944861,1.300966,1951.218327
eight,2,0,2,132.199861,1.264347,2081.769746
eight,2,0,2,137.152861,1.38179,2300.605046
eight,2,0,2,131.554861,1.327085,2967.872238
eight,2,0,2,133.134861,1.313941,1880.996046
eight,2,0,2,140.304861,1.441392,2519.99986
eight,2,0,2,136.128861,1.324969,2154.672999
eight,2,0,2,132.736861,1.385879,1963.767182
eight,2,0,2,134.564861,1.263231,1841.434062
eight,2,0,2,138.443861,1.417581,2797.936673
eight,2,0,2,128.775861,1.320327,1830.49453
eight,2,0,2,135.912861,1.276593,2114.62544
eight,2,0,2,134.018861,1.265839,1898.301427
eight,2,0,2,126.038861,1.266591,1692.114899
eight,2,0,2,132.438861,1.35431,1942.15511
eight,2,0,2,128.338861,1.336304,2415.063802
eight,2,0,2,135.532861,1.288838,1940.111926
eight,1,1,1,133.447861,1.221363,2124.816323
eight,2,0,2,129.296861,1.329185,1907.43411
eight,2,0,2,131.877861,1.367575,2079.67875
eight,2,0,2,132.836861,1.277805,1836.407664
eight,2,0,2,121.424861,1.238431,1917.771659
eight,2,0,2,129.983861,1.340706,2249.368104
eight,2,0,2,130.066861,1.250432,1909.789703
eight,2,0,2,139.013861,1.425297,2520.049956
eight,2,0,2,141.097861,1.384923,2532.448181
eight,2,0,2,135.300861,1.256985,1848.147037
eight,2,0,2,132.827861,1.367301,2099.973355
eight,2,0,2,135.094861,1.351607,2031.048631
eight,2,0,2,134.424861,1.247495,2128.876791
eight,2,0,2,133.068861,1.352777,1753.588754
eight,2,0,2,133.258861,1.252359,1958.511863
eight,2,0,2,125.046861,1.353733,2248.211841
eight,1,1,1,131.795861,1.305529,2636.675607
eight,2,0,2,132.886861,1.296504,2076.596079
eight,2,0,2,128.792861,1.350261,1961.917926
eight,2,0,2,132.390861,1.28782,1863.827867
eight,2,0,2,139.700861,1.315092,2066.564689
eight,2,0,2,134.258861,1.30989,1879.321131
eight,2,0,2,136.830861,1.318526,1918.847286
eight,2,0,2,138.095861,1.456876,2212.692582
eight,2,0,2,133.556861,1.265026,1872.546277
eight,2,0,2,131.364861,1.285505,1949.705089
eight,2,0,2,136.020861,1.309194,1782.998221
eight,2,0,2,134.804861,1.256472,1864.701871
eight,2,0,2,136.954861,1.287808,2010.754617
eight,2,0,2,135.408861,1.392017,2407.18951
eight,2,0,2,131.198861,1.339871,2094.817373
eight,2,0,2,135.292861,1.265867,1992.687702
eight,2,0,2,131.952861,1.259094,2395.103975
eight,2,0,2,139.046861,1.392899,2362.858659
eight,2,0,2,135.590861,1.267958,2172.984231
eight,2,0,2,135.052861,1.265014,2251.761894
eight,2,0,2,136.102861,1.323928,1866.865532
eight,2,0,2,137.318861,1.275733,1898.09921
eight,2,0,2,126.642861,1.268642,2121.958963
eight,2,0,2,126.527861,1.30506,2250.359111
eight,2,0,2,131.918861,1.365235,1860.011587
eight,2,0,2,143.967861,1.431406,2188.281562
eight,2,0,2,122.450861,1.38839,2048.900414
eight,2,0,2,138.278861,1.363874,2915.485172
eight,2,0,2,129.562861,1.252884,2117.851821
nine,1,1,1,147.854861,1.423925,3669.320722
nine,1,1,1,134.796861,1.340223,3433.305405
nine,1,1,1,157.498861,1.655794,5326.025889
nine,1,1,1,135.954861,1.416569,3366.193694
nine,1,1,1,134.920861,1.559018,3429.917439
nine,1,1,1,138.460861,1.411262,3502.29951
nine,1,2,1,139.850861,1.458158,3524.816504
nine,1,1,1,137.038861,1.378883,3360.468494
nine,1,1,1,153.256861,1.667748,5103.719867
nine,1,1,1,144.994861,1.582557,4458.557371
nine,1,1,1,127.080861,1.325012,2986.684377
nine,1,1,1,133.878861,1.346231,3355.432675
nine,1,1,1,142.098861,1.5065,3962.68766
nine,1,1,1,133.126861,1.336972,2968.131873
nine,1,1,1,149.634861,1.542364,4258.511802
nine,1,1,1,157.770861,1.501162,5613.315099
nine,1,1,1,133.812861,1.555376,3787.03556
nine,1,1,1,177.470861,1.762322,6732.361475
nine,1,1,1,139.188861,1.36125,3415.757077
nine,1,1,1,133.920861,1.564621,3808.021317
nine,1,1,1,157.680861,1.589619,5287.677612
nine,1,1,1,141.256861,1.56658,4140.395264
nine,1,1,1,135.186861,1.35766,3049.169759
nine,1,1,1,145.880861,1.631792,4727.127674
nine,1,1,1,137.608861,1.432826,3886.525414
nine,1,1,1,135.070861,1.437074,3605.527977
nine,1,1,1,143.026861,1.613885,4249.885793
nine,1,1,1,137.502861,1.403331,3465.855896
nine,1,1,1,130.578861,1.441489,3346.083932
nine,1,1,1,130.894861,1.485332,3634.474219
nine,1,1,1,137.186861,1.450333,3740.476333
nine,1,1,1,139.618861,1.385586,3607.862021
nine,1,1,1,150.428861,1.510733,4752.267346
nine,1,1,1,135.648861,1.462062,3736.662912
nine,1,1,1,141.982861,1.501036,3979.9499
nine,1,1,1,127.370861,1.464424,3225.833473
nine,1,1,1,143.332861,1.556284,4119.686803
nine,1,1,1,133.564861,1.429206,3456.270609
nine,1,1,1,134.672861,1.340656,2783.463557
nine,0,3,1,180.340861,1.974264,10788.408397
nine,1,1,1,151.742861,1.603092,5137.84819
nine,1,1,1,133.622861,1.33688,3103.297143
nine,1,1,1,155.008861,1.653914,5159.228493
nine,1,1,1,145.662861,1.514625,3993.685699
nine,1,1,1,134.144861,1.464134,3608.452753
nine,1,1,1,147.706861,1.550698,4393.090846
nine,1,1,1,131.910861,1.340135,2746.513927
nine,1,1,1,128.775861,1.367185,2948.401601
nine,1,1,1,133.382861,1.534821,3755.549532
nine,1,1,1,135.102861,1.464756,3662.653051
nine,1,1,1,153.562861,1.645564,4823.132617
nine,1,1,1,135.996861,1.444872,3362.541425
nine,1,1,1,134.110861,1.387921,3158.131629
nine,1,1,1,136.872861,1.418415,3703.130347
nine,1,1,1,144.712861,1.469243,4203.445812
nine,1,1,1,156.952861,1.685543,5663.024169
nine,1,1,1,133.920861,1.564621,3808.021317
nine,1,1,1,135.574861,1.437334,4073.644988
nine,1,1,1,159.268861,1.583536,5357.082343
nine,1,1,1,142.588861,1.61934,4173.608132
nine,1,1,1,130.214861,1.317787,2707.995327
nine,1,1,1,138.840861,1.476135,3995.812068
nine,1,1,1,145.482861,1.596269,4437.112998
nine,1,1,1,137.376861,1.478531,3882.010465
nine,1,1,1,135.260861,1.495467,3592.353529
nine,1,1,1,142.372861,1.539036,4074.165662
nine,1,1,1,149.534861,1.514282,4363.931375
nine,1,1,1,138.774861,1.481761,3734.586274
nine,1,1,1,137.220861,1.509045,3737.864996
nine,1,1,1,151.162861,1.542743,4900.632511
nine,1,1,1,161.500861,1.573794,5848.755866
nine,1,1,1,137.930861,1.353019,3194.798349
nine,1,1,1,149.294861,1.502203,4784.061922
nine,1,1,1,134.814861,1.395206,3344.928005
nine,1,1,1,141.462861,1.427947,3822.61863
nine,1,2,2,149.890861,1.65977,4528.578862
nine,1,1,1,133.688861,1.416339,3347.27832
nine,1,1,1,133.812861,1.435998,3300.499158
nine,1,1,1,148.698861,1.583194,4722.321164
nine,1,1,1,137.988861,1.413854,3551.972457
nine,1,1,1,150.874861,1.702441,4716.158306
nine,1,1,1,133.200861,1.464837,3366.476376
nine,1,1,1,133.490861,1.473635,3724.809452
nine,1,1,1,129.536861,1.281572,3024.629928
nine,1,1,1,142.016861,1.478723,4026.338356
nine,1,1,1,137.616861,1.411906,3772.102425
nine,1,1,1,141.486861,1.405865,3506.943928
nine,1,1,1,166.546861,1.848482,6782.349521
nine,1,1,1,146.490861,1.441351,3786.027658
nine,1,1,1,141.810861,1.490865,3927.745016
nine,1,1,1,133.358861,1.370034,3378.034885
nine,1,1,1,134.482861,1.302759,2915.846549
nine,1,1,1,135.028861,1.414662,3033.30714
nine,1,1,1,129.330861,1.291504,2478.487674
nine,1,1,1,140.403861,1.630603,3943.380566
nine,1,1,1,154.884861,1.451577,4985.377018
nine,1,1,1,135.772861,1.437404,3501.144668
nine,1,1,1,136.252861,1.459019,3523.050061
nine,1,1,1,138.088861,1.465022,3653.943895
nine,1,1,1,134.432861,1.362228,3336.496211
nine,1,1,1,138.816861,1.510611,3958.131954
nine,0,2,0,183.906861,1.976439,9575.16658
nine,1,1,1,138.650861,1.451608,3776.501007
nine,0,2,0,138.732861,1.397708,3486.447016
nine,1,1,1,171.516861,1.624576,6554.344946
nine,1,1,1,137.758861,1.432438,3896.595359
