@relation test

@attribute class {zero,one,two,three,four,five,six,seven,eight,nine}
@attribute mor_0 numeric
@attribute mor_1 numeric
@attribute mor_2 numeric
@attribute mor_3 numeric
@attribute mor_4 numeric
@attribute mor_6 numeric

@data
zero,1,0,0,130.280861,1.298552,1705.019387
zero,1,0,0,127.460861,1.292413,1608.963832
zero,1,0,0,135.846861,1.366889,1640.186583
zero,1,0,0,134.746861,1.322585,1753.236205
zero,1,0,0,133.232861,1.369648,1747.263857
zero,1,0,0,133.306861,1.30766,1829.529741
zero,1,0,0,127.650861,1.269962,1653.768568
zero,1,0,0,129.329861,1.306311,1847.247259
zero,1,0,0,134.258861,1.305215,1675.549245
zero,1,0,0,126.882861,1.22769,1707.518308
zero,1,0,0,137.822861,1.2931,1945.003749
zero,1,0,0,132.406861,1.290279,1694.659385
zero,1,0,0,126.394861,1.26536,1803.287201
zero,1,0,0,126.774861,1.342144,1730.012685
zero,1,0,0,132.976861,1.302848,1628.679826
zero,1,0,0,135.176861,1.286184,1671.001033
zero,1,0,0,135.738861,1.279935,1949.631773
zero,1,0,0,130.636861,1.216297,1601.070959
zero,1,0,0,127.816861,1.461082,1782.537404
zero,1,0,0,130.578861,1.217083,1620.643384
zero,1,0,0,134.249861,1.285432,1949.581306
zero,1,0,0,131.554861,1.294393,1768.849417
zero,1,0,0,128.146861,1.212417,1726.835761
zero,1,0,0,131.066861,1.246369,1795.985887
zero,1,0,0,121.656861,1.318004,1720.433994
zero,1,0,0,130.958861,1.279225,1750.990786
zero,1,0,0,132.794861,1.300281,1549.259053
zero,1,0,0,134.390861,1.279433,1651.891693
zero,1,0,0,134.235861,1.360231,2267.902684
zero,1,0,0,136.392861,1.386569,1885.099585
zero,1,0,0,125.600861,1.164346,1497.753302
zero,1,0,0,130.140861,1.293127,1601.576424
zero,1,0,0,125.070861,1.273953,1558.653074
zero,1,0,0,128.742861,1.292125,1698.454401
zero,1,0,0,128.469861,1.304331,1668.804985
zero,1,0,0,136.648861,1.27366,1712.383206
zero,1,0,0,136.086861,1.495439,1717.339068
zero,1,0,0,131.934861,1.356304,1623.238035
zero,1,0,0,129.817861,1.296367,1791.835534
zero,1,0,0,124.996861,1.21807,1692.167937
zero,1,0,0,127.923861,1.327469,1560.581747
zero,1,0,0,131.794861,1.22375,1713.431751
zero,1,0,0,126.998861,1.192205,1629.070635
zero,1,0,0,126.782861,1.257423,1604.499945
zero,1,0,0,121.572861,1.248125,1530.151156
zero,1,0,0,131.487861,1.367231,1914.107054
zero,1,0,0,133.298861,1.354236,1880.481171
zero,1,0,0,129.362861,1.217773,1597.345025
zero,1,0,0,135.432861,1.26648,1795.471446
zero,1,0,0,134.258861,1.277449,1655.186876
zero,1,0,0,127.072861,1.18247,1636.628705
zero,1,0,0,134.820861,1.367925,1872.544549
zero,1,0,0,136.912861,1.412175,2092.472544
zero,1,0,0,132.678861,1.326601,1617.683221
zero,1,0,0,137.880861,1.361614,1769.867
zero,1,0,0,125.219861,1.24423,1602.840912
zero,1,0,0,122.300861,1.258939,1669.417735
zero,1,0,0,139.666861,1.463253,2154.437406
zero,1,0,0,131.934861,1.251781,1555.877738
zero,1,0,0,125.442861,1.298215,1591.472529
zero,1,0,0,136.978861,1.30855,1963.711458
zero,1,0,0,128.858861,1.270186,1632.641545
zero,1,0,0,126.278861,1.210506,1514.355177
zero,1,0,0,129.164861,1.263976,1537.423771
zero,1,0,0,136.226861,1.329887,1877.636421
zero,1,0,0,127.146861,1.21953,1521.022814
zero,1,0,0,128.618861,1.225879,1517.039218
zero,1,0,0,126.724861,1.302745,1609.334822
zero,1,0,0,132.596861,1.316714,1694.231061
zero,1,0,0,129.850861,1.299141,1551.035202
zero,1,0,0,129.098861,1.276454,1664.239391
zero,1,0,0,131.702861,1.337155,1855.10493
zero,1,0,0,133.382861,1.272739,1567.084426
zero,1,0,0,135.862861,1.340864,1733.270959
zero,1,0,0,124.020861,1.221007,1454.976293
zero,1,0,0,128.684861,1.319394,1624.011556
zero,1,0,0,129.346861,1.305646,1547.263727
zero,1,0,0,135.060861,1.252043,1652.290596
zero,1,0,0,130.660861,1.359555,1859.826849
zero,1,0,0,131.536861,1.355819,1831.15225
zero,1,0,0,133.150861,1.311693,1620.221779
zero,1,0,0,131.173861,1.319031,1568.978435
zero,1,0,0,127.766861,1.232623,1604.780162
zero,1,0,0,131.058861,1.310403,2027.211367
zero,1,0,0,134.804861,1.292236,1619.933005
zero,1,0,0,135.300861,1.306836,1690.068384
zero,1,0,0,127.948861,1.32415,1652.673224
zero,1,0,0,131.198861,1.287761,1697.677432
zero,1,0,0,131.256861,1.26114,1719.125603
zero,1,0,0,130.230861,1.317101,1669.673789
zero,1,0,0,138.442861,1.379906,1918.750472
zero,1,0,0,126.956861,1.275816,1608.740609
zero,1,0,0,133.464861,1.296726,1568.881562
zero,1,0,0,128.924861,1.201011,1605.448565
zero,1,0,0,134.010861,1.270042,1758.968752
zero,1,0,0,127.948861,1.317956,1595.632139
zero,1,0,0,134.506861,1.362977,1745.600125
zero,1,0,0,128.502861,1.338924,1715.132468
zero,1,0,0,130.578861,1.268686,1596.788072
zero,1,0,0,134.820861,1.249143,1623.20697
one,0,2,0,145.646861,1.403479,4165.472661
one,0,3,1,140.081861,1.484068,4474.208679
one,0,2,0,138.626861,1.591197,4811.324296
one,0,2,0,133.381861,1.290572,2397.648513
one,0,2,0,137.600861,1.497378,3810.383253
one,0,2,0,130.818861,1.329903,2834.456024
one,0,3,1,146.556861,1.532271,5572.131455
one,0,2,0,137.170861,1.281326,2916.292406
one,0,2,0,133.862861,1.285434,2644.125501
one,0,2,0,145.058861,1.28951,3239.715038
one,0,3,1,142.686861,1.359963,3636.169444
one,0,2,0,133.928861,1.257261,3290.017059
one,0,2,0,144.580861,1.346122,3621.026756
one,0,3,1,131.744861,1.312326,3355.984762
one,0,2,0,146.696861,1.416077,4380.491688
one,0,2,0,130.347861,1.236025,2389.435743
one,0,3,5,150.543861,1.601697,4951.456401
one,0,3,1,143.034861,1.351755,4163.442773
one,0,3,1,136.293861,1.316427,2755.237171
one,0,2,0,133.994861,1.301875,2844.444322
one,0,2,0,139.692861,1.521276,4354.333826
one,0,3,1,150.354861,1.765731,6730.247605
one,0,3,1,144.398861,1.525507,5269.595167
one,0,3,1,135.482861,1.311673,3767.82304
one,0,2,0,137.062861,1.337247,3381.278613
one,0,2,0,136.086861,1.340616,3582.058458
one,0,2,0,136.988861,1.34054,3296.954904
one,0,2,0,146.233861,1.375825,3239.991246
one,0,2,0,131.397861,1.243176,2260.193519
one,0,2,0,130.092861,1.415676,3100.755545
one,0,2,0,135.152861,1.404386,3247.438041
one,0,2,0,139.056861,1.361597,3739.706292
one,0,2,0,127.552861,1.281806,2914.535192
one,0,3,1,139.658861,1.384271,4088.052863
one,0,3,1,142.272861,1.383946,4014.584125
one,0,2,0,141.710861,1.454872,4056.328943
one,0,3,1,157.316861,1.751471,6954.974642
one,0,3,1,128.776861,1.338133,3486.892962
one,0,2,0,135.978861,1.217897,2378.94171
one,0,3,1,139.238861,1.444885,3672.318014
one,0,2,0,130.859861,1.243694,2297.983986
one,0,3,1,136.574861,1.35959,3654.52119
one,0,2,0,142.388861,1.403554,3740.200314
one,0,3,1,134.010861,1.342451,3413.02932
one,0,3,1,142.082861,1.31785,3822.730542
one,0,3,1,136.665861,1.334972,3090.644878
one,0,2,0,143.876861,1.557583,4703.269154
one,0,3,1,143.380861,1.376832,3845.846275
one,0,2,0,136.194861,1.452134,3334.110374
one,0,3,1,141.942861,1.428227,4125.995303
one,0,3,1,140.312861,1.488617,5247.761414
one,0,3,1,136.583861,1.351292,3403.983588
one,0,2,0,140.610861,1.333344,3467.170077
one,0,3,1,139.584861,1.298194,3055.208616
one,0,3,1,146.382861,1.381846,2991.356255
one,0,3,1,133.332861,1.483292,4427.264998
one,0,3,1,135.689861,1.332648,3541.002374
one,0,2,0,138.030861,1.32854,2935.398334
one,0,2,0,132.092861,1.282635,2831.14757
one,0,3,1,132.976861,1.283637,3294.15124
one,0,3,1,143.165861,1.386056,4104.3202
one,0,2,0,133.754861,1.288134,2821.708852
one,0,2,0,132.290861,1.307212,3196.295811
one,0,2,0,137.682861,1.496046,4395.574149
one,0,2,0,134.606861,1.316439,2984.782311
one,0,2,0,144.448861,1.353771,3793.768256
one,0,2,0,129.288861,1.257645,2621.69057
one,0,3,1,152.246861,1.536802,5779.456775
one,0,2,0,123.342861,1.438571,2738.415961
one,0,3,1,135.507861,1.441723,4255.362811
one,0,2,0,146.598861,1.48455,5011.066342
one,0,4,2,136.185861,1.474322,3943.681013
one,0,2,0,137.542861,1.277814,2668.63761
one,0,2,0,130.067861,1.472378,3410.535772
one,0,2,0,127.278861,1.247775,2630.604228
one,0,2,0,136.152861,1.49052,4092.140579
one,0,2,0,130.512861,1.321653,2872.47141
one,0,3,1,142.496861,1.60662,5119.361368
one,0,2,0,128.122861,1.384995,3126.28153
one,0,3,1,131.174861,1.304211,3276.901804
one,0,2,0,134.597861,1.325947,3491.201695
one,0,3,1,145.464861,1.366312,3670.647131
one,0,2,0,163.220861,1.700665,6735.687044
one,0,2,0,136.806861,1.444288,3560.92153
one,0,2,0,128.024861,1.433186,3643.662587
one,0,3,1,142.826861,1.444492,3980.193473
one,0,3,1,132.382861,1.289276,3256.693019
one,0,2,0,137.170861,1.291275,3030.359717
one,0,3,1,129.990861,1.23125,2034.494568
one,0,2,0,140.130861,1.350325,3655.555177
one,0,3,1,145.200861,1.497661,5041.668302
one,0,2,0,129.058861,1.391034,2890.509108
one,0,2,0,136.822861,1.273891,2779.175037
one,0,3,1,140.568861,1.337488,3745.487184
one,0,2,0,133.795861,1.322084,2805.48196
one,0,2,0,141.024861,1.317326,2880.77026
one,0,3,1,136.318861,1.432133,3775.714556
one,0,2,0,130.040861,1.292936,2827.824295
one,0,3,1,130.818861,1.318817,3223.869449
one,0,3,1,141.470861,1.515987,5416.707511
two,0,2,0,183.070861,2.094414,11134.715721
two,0,2,0,182.714861,1.994255,10369.663556
two,0,2,0,144.630861,1.526887,4735.332786
two,0,2,0,180.754861,1.908253,9236.347017
two,0,2,0,163.709861,1.6462,6395.847904
two,0,2,0,185.320861,1.941558,11312.415865
two,0,3,1,204.696861,2.012826,11580.750505
two,0,2,0,205.912861,2.038452,12582.807804
two,0,2,0,206.318861,2.225389,12793.897095
two,0,2,0,162.386861,1.791254,7395.956163
two,0,2,0,188.296861,1.825141,8658.349388
two,0,2,0,163.849861,1.784349,7033.617718
two,0,2,0,190.256861,1.918026,10275.862944
two,0,2,0,184.964861,1.772045,9752.960413
two,0,2,0,169.382861,1.925193,8596.957479
two,0,2,0,200.612861,2.192889,12560.345177
two,0,2,0,191.530861,1.887956,10609.477747
two,0,2,0,143.852861,1.588024,4790.233746
two,0,2,0,197.874861,2.053352,10906.43064
two,0,2,0,183.384861,2.062686,10864.253642
two,0,2,0,198.568861,2.224649,11660.197663
two,0,2,0,162.865861,1.699286,7045.790825
two,0,2,0,201.100861,2.003188,11771.377278
two,0,2,0,180.324861,1.898403,9638.135226
two,0,2,0,199.660861,1.938728,12370.7252
two,0,2,0,180.572861,1.990338,9018.823006
two,0,3,0,185.286861,1.946579,9900.675466
two,0,2,0,176.709861,1.781455,8826.387131
two,0,2,0,176.272861,1.640298,8604.065581
two,0,2,0,177.420861,1.919311,9347.623625
two,0,2,0,185.526861,2.049642,10041.996664
two,0,2,0,187.114861,1.92869,9843.096845
two,1,1,1,153.478861,1.588361,5167.201292
two,0,2,0,189.818861,2.01956,9573.069189
two,0,2,0,168.836861,1.912786,8950.947076
two,0,3,1,187.254861,1.922448,9495.981358
two,0,2,0,180.084861,2.065354,10383.516035
two,0,2,0,191.250861,2.098446,10695.619299
two,0,2,0,162.179861,1.838852,8592.084147
two,0,2,0,188.926861,1.998729,10406.002131
two,0,2,0,205.118861,2.026851,11509.95509
two,0,2,0,190.564861,2.123288,11295.040352
two,0,2,0,161.616861,1.770618,6720.473842
two,0,2,0,193.260861,2.026141,11076.601022
two,0,3,1,192.200861,2.040554,10614.393048
two,0,2,0,194.690861,2.005442,10439.851479
two,0,2,0,165.546861,1.697337,6474.977916
two,0,2,0,193.102861,2.027287,10775.343598
two,0,2,0,180.052861,1.847286,9837.072335
two,0,2,0,202.538861,2.360232,13014.443008
two,0,3,1,197.592861,2.010033,11201.396538
two,0,3,1,189.372861,2.15942,10842.553855
two,0,2,0,204.474861,2.202282,13686.018707
two,0,2,0,166.214861,1.922235,7927.742891
two,0,2,0,182.722861,1.913021,9699.206349
two,0,2,0,206.838861,2.024075,12424.144391
two,0,2,0,190.150861,1.885902,11846.521116
two,0,2,0,202.926861,2.335056,11790.590911
two,0,2,0,194.706861,2.077484,10844.623006
two,0,2,0,223.296861,2.55883,13018.090821
two,0,2,0,200.850861,2.009487,11787.397273
two,0,2,0,193.068861,1.976908,10611.242549
two,0,2,0,193.052861,2.0823,10795.736538
two,0,2,0,185.451861,1.995942,10102.218858
two,0,2,0,175.080861,1.852247,8488.775971
two,0,2,0,199.710861,1.927826,11420.755384
two,0,2,0,189.910861,1.961442,10494.54043
two,0,3,1,178.248861,1.713643,8632.919926
two,0,2,0,182.838861,1.967819,9629.454458
two,0,2,0,191.150861,1.978231,11158.094989
two,0,2,0,164.496861,1.755149,9084.261466
two,0,2,0,197.666861,2.178754,11745.041372
two,0,2,0,188.678861,2.05935,11500.401738
two,0,2,0,195.880861,2.039572,10007.79328
two,0,3,1,206.194861,2.065553,12718.16452
two,0,2,0,161.766861,1.728495,7201.995751
two,0,2,0,188.312861,2.106427,11225.111355
two,0,3,1,152.494861,1.713878,5908.136094
two,0,2,0,180.266861,2.043928,10484.021251
two,0,2,0,198.188861,1.997991,11721.200167
two,0,2,0,195.542861,1.960083,11127.522887
two,0,2,0,195.020861,2.041775,10576.933088
two,0,2,0,190.885861,1.993,10160.088215
two,0,2,0,156.092861,1.60893,5997.794663
two,0,2,0,188.520861,1.943182,10355.376555
two,0,3,1,177.024861,1.870185,9013.051976
two,0,2,0,181.392861,2.008597,9965.915743
two,0,2,0,177.844861,1.838054,8575.661498
two,0,2,0,191.522861,1.938229,10846.810857
two,0,2,0,187.776861,1.967289,10303.50152
two,0,2,0,187.014861,1.952584,10192.868764
two,0,2,0,200.668861,2.122952,11510.314943
two,0,2,0,192.110861,2.188854,11248.936007
two,0,2,0,177.174861,2.040429,9774.504211
two,0,2,0,212.356861,2.405833,13238.901705
two,0,2,0,188.860861,2.091292,10516.40694
two,0,2,0,184.320861,2.066654,10969.361836
two,0,2,0,183.450861,1.924623,9915.45606
two,0,2,0,182.764861,1.877596,9377.221221
two,0,2,0,190.992861,1.985973,10628.615973
two,0,2,0,169.936861,1.787797,8925.453146
two,0,2,0,204.366861,2.113582,11473.956852
three,0,3,1,163.081861,1.730179,6343.282297
three,0,3,1,182.144861,1.932423,10334.978467
three,0,3,1,174.792861,2.003007,10477.241338
three,0,3,1,181.896861,1.896552,9601.784946
three,0,4,2,187.346861,2.006142,11269.239772
three,0,3,1,170.028861,1.746755,8077.610813
three,0,2,0,152.636861,1.757838,6438.94189
three,0,4,2,162.776861,1.780643,6368.285117
three,0,2,0,167.605861,1.941587,8221.398903
three,0,4,2,175.974861,1.891194,9061.175027
three,0,3,1,158.078861,1.753141,6033.595279
three,0,3,1,185.171861,2.016549,10421.047334
three,0,3,1,166.704861,1.830507,8052.601609
three,0,3,1,207.674861,2.301397,14634.753374
three,0,4,2,211.362861,2.202276,15845.420424
three,0,3,1,209.062861,2.29042,12900.695228
three,0,2,0,159.888861,1.682088,7059.039253
three,0,4,2,171.202861,1.965113,9201.726772
three,0,3,1,189.140861,1.978852,11244.678826
three,0,3,1,184.236861,1.852611,9926.684989
three,0,4,2,191.398861,2.079718,11453.373893
three,0,2,0,137.742861,1.525253,3801.706956
three,0,3,1,206.094861,2.184971,13448.248867
three,0,2,0,165.462861,1.608568,7739.406955
three,0,2,0,181.804861,1.928816,9139.958631
three,0,3,1,157.672861,1.772074,7814.674346
three,0,3,1,180.052861,2.009299,9421.332398
three,0,3,1,182.516861,1.897838,11437.436131
three,0,3,1,178.712861,1.80511,9524.782811
three,0,4,2,182.714861,1.969353,10743.908863
three,0,4,2,184.028861,1.764095,9560.24594
three,0,4,2,203.142861,2.027324,13242.815125
three,0,4,2,158.508861,1.708454,7317.155703
three,0,3,1,190.314861,2.023399,10211.824353
three,0,4,2,188.718861,1.974437,10852.680114
three,0,3,1,183.152861,1.993077,9901.108292
three,0,2,0,186.080861,2.071711,10529.158964
three,0,3,1,169.746861,1.852715,8150.843615
three,0,3,1,170.358861,1.975145,9086.685067
three,0,3,1,195.392861,2.030346,11234.781059
three,0,3,1,198.526861,1.945078,11782.603711
three,0,3,1,165.082861,1.643385,8263.715861
three,0,3,1,206.640861,2.156019,12907.011054
three,0,3,1,179.084861,1.799662,9240.950925
three,0,3,1,210.370861,2.231881,15242.065184
three,0,3,1,190.744861,2.042529,10965.806855
three,0,2,0,172.252861,1.822329,8623.000595
three,0,4,2,177.992861,1.857116,9242.456934
three,0,3,1,174.262861,1.906291,9209.637083
three,0,3,1,170.664861,1.768602,7245.337192
three,0,3,1,175.726861,1.855172,8390.676164
three,0,4,2,184.624861,1.751698,9678.079131
three,0,2,0,172.012861,1.778974,8697.084662
three,0,3,1,193.590861,1.92002,11953.478108
three,0,2,0,161.716861,1.595048,6200.322665
three,0,4,1,177.628861,2.045658,9595.303063
three,0,3,1,206.714861,2.065559,12370.023331
three,0,2,0,172.434861,1.950406,8179.285889
three,0,4,2,201.752861,2.00469,12247.228131
three,0,3,1,192.845861,2.04019,11367.298734
three,0,2,0,181.970861,1.986135,8527.398384
three,0,3,1,164.918861,1.726621,8540.315839
three,0,3,1,158.640861,1.702437,6889.133154
three,0,2,0,170.614861,1.958364,8276.339409
three,0,4,2,184.452861,2.084666,10399.715663
three,0,4,2,152.760861,1.725102,6333.395227
three,0,3,1,210.138861,2.164566,12664.493272
three,0,4,2,180.928861,1.742446,10463.681107
three,0,3,1,176.380861,2.03809,9590.974495
three,0,3,1,174.998861,1.973073,9505.015895
three,0,3,1,184.012861,1.997981,10937.027875
three,0,3,1,191.522861,2.133962,10939.174941
three,0,2,0,169.120861,1.784182,7032.551853
three,0,4,2,194.550861,2.142774,12453.85598
three,0,3,1,203.588861,1.905927,13138.417138
three,0,3,1,203.464861,2.246094,12199.940871
three,0,2,0,165.008861,1.861926,8109.946227
three,0,3,1,180.828861,1.860175,9153.844662
three,0,3,1,187.288861,1.964888,10659.025006
three,0,3,1,217.854861,2.374242,16356.147439
three,0,3,1,159.798861,1.786072,7304.182941
three,0,2,0,189.454861,1.972663,10830.31208
four,0,2,0,146.400861,1.58842,5818.681688
four,0,2,0,163.296861,1.880604,7781.640151
four,0,3,1,162.162861,1.838659,9115.767824
four,0,2,0,149.120861,1.633717,5774.548736
four,0,3,1,164.238861,1.825694,8714.931681
four,0,2,0,148.128861,1.627766,6230.010932
four,0,3,1,146.350861,1.692512,7045.285705
four,0,2,0,152.654861,1.723905,5971.706517
four,0,3,1,171.252861,1.903663,8865.651284
four,0,3,1,152.420861,1.620515,6407.950926
four,0,3,1,148.690861,1.709547,6028.281501
four,0,3,1,163.620861,1.738358,8313.907844
four,0,3,1,159.458861,1.696548,7908.003397
four,0,3,1,163.336861,1.856474,8800.601211
four,0,2,0,155.720861,1.75292,6811.658079
four,0,2,0,151.899861,1.711271,5926.192985
four,0,3,1,169.712861,1.862126,9081.41122
four,0,2,0,154.918861,1.776731,6394.658383
four,0,3,1,160.600861,1.85731,7466.42023
four,0,3,1,155.794861,1.694106,6382.724165
four,0,3,1,165.172861,1.934727,9146.979155
four,0,3,1,164.122861,1.725432,8533.381085
four,0,2,0,157.226861,1.816765,7665.670985
four,0,3,1,152.950861,1.641376,5971.371266
four,0,3,1,149.914861,1.690256,6906.8691
four,0,3,1,131.878861,1.484535,3621.131953
four,0,3,1,162.162861,1.703644,8031.623245
four,0,3,1,162.724861,1.827403,9359.882447
four,0,3,1,151.196861,1.675523,6378.675113
four,0,4,2,139.370861,1.525749,4872.028407
four,0,3,1,161.204861,1.798965,6392.075713
four,0,3,1,167.612861,1.870475,9006.576856
four,0,3,1,157.026861,1.667119,7316.139782
four,0,5,1,99.508861,1.549958,3579.871402
four,0,3,1,154.702861,1.684737,7370.121208
four,0,3,1,152.238861,1.67293,6403.842055
four,0,3,1,151.882861,1.698929,6699.969838
four,0,4,2,169.606861,1.986664,9267.358036
four,0,3,1,152.370861,1.678205,6924.095828
four,0,3,1,158.706861,1.67902,8574.682952
four,0,3,1,154.976861,1.824761,6841.245828
four,0,2,0,152.958861,1.754252,7027.38511
four,0,2,0,163.222861,1.900452,7578.850897
four,0,3,1,164.288861,1.822011,7826.249356
four,0,3,1,155.248861,1.750396,6838.153574
four,0,3,1,143.604861,1.574473,5483.127442
four,0,3,1,152.164861,1.777768,8090.030824
four,0,3,1,154.536861,1.680427,7140.100545
four,0,2,0,136.392861,1.368039,3387.761631
four,0,4,2,168.126861,1.883595,9468.033592
four,0,2,0,155.192861,1.748369,6225.599895
four,0,2,0,153.280861,1.706536,7560.467361
four,0,3,1,145.481861,1.657577,5967.158091
four,0,3,1,157.176861,1.759531,7474.798022
four,0,3,1,179.804861,1.878593,9914.706216
four,0,2,0,145.812861,1.629751,5873.688014
four,0,6,2,118.124861,1.577862,4756.590846
four,0,3,1,166.016861,1.788073,8751.433836
four,0,3,1,154.786861,1.77229,6892.643238
four,0,3,1,157.176861,1.709134,5932.052902
four,0,3,1,170.250861,1.820454,9238.215049
four,0,3,1,165.892861,1.74283,8894.771329
four,0,3,1,167.298861,1.821909,9237.2203
four,0,3,1,165.172861,1.796082,8123.28509
four,0,3,1,149.740861,1.711696,6359.740555
four,0,3,1,152.866861,1.795232,6631.015593
four,0,2,0,157.250861,1.660118,6977.897734
four,0,2,0,158.416861,1.747461,7458.459002
four,0,2,0,162.394861,1.750339,7507.13
four,0,4,2,160.162861,1.792958,8453.772177
four,0,3,1,152.006861,1.722116,7239.598485
four,0,4,2,160.054861,1.868347,9065.882403
four,0,3,1,168.456861,1.797402,8899.883121
four,0,4,2,145.606861,1.699693,6961.110328
four,0,3,1,157.548861,1.683426,6946.219021
four,0,4,2,175.346861,1.958316,9890.350184
four,0,3,1,153.330861,1.724643,7442.692123
four,0,2,0,152.122861,1.771212,6661.762288
four,0,3,1,150.088861,1.722761,6256.096894
four,0,3,1,174.346861,1.827847,9602.322663
four,0,2,0,146.268861,1.594078,5163.62161
four,0,3,1,164.892861,1.80924,7835.670501
four,0,3,1,146.044861,1.66535,6194.822697
four,0,3,1,156.902861,1.753704,7847.201448
four,0,2,0,158.648861,1.71372,7364.014909
four,0,3,1,161.732861,1.750888,8265.003574
four,0,4,2,154.438861,1.769764,8250.638915
four,0,3,1,159.624861,1.876223,7075.751414
four,0,3,1,153.950861,1.768555,7029.150846
four,0,4,2,154.356861,1.745926,7682.991676
four,0,3,1,172.466861,1.737572,8243.743408
four,0,3,1,161.566861,1.823087,8481.510965
four,0,3,1,155.952861,1.648726,7043.909731
four,0,3,1,159.880861,1.691441,7813.04669
four,0,3,1,152.776861,1.693032,7281.139939
four,0,2,0,144.084861,1.659349,5879.521342
four,0,6,2,114.718861,1.460458,4695.095258
five,0,3,1,192.232861,1.958056,12567.194357
five,0,3,1,187.768861,1.959115,11744.776432
five,0,3,1,192.282861,1.983284,12149.882392
five,0,3,1,185.062861,2.021396,10928.326301
five,0,3,1,208.069861,2.102982,14814.883338
five,0,3,1,191.142861,2.039457,13029.405324
five,0,3,1,193.169861,1.919406,13072.870192
five,0,3,1,197.278861,2.054128,12679.956909
five,0,3,1,212.470861,2.190048,14876.745098
five,0,2,0,201.503861,2.035313,12698.626041
five,0,3,1,216.596861,2.145541,15700.488198
five,0,3,1,191.894861,1.871094,11377.510308
five,0,2,0,181.142861,1.956699,10845.718373
five,0,3,1,196.756861,1.968527,11902.356448
five,0,3,1,198.908861,2.011682,13538.297111
five,0,2,0,188.114861,1.833142,11088.037139
five,0,2,0,199.594861,2.010881,13193.454632
five,0,2,0,194.822861,1.932238,11839.829899
five,0,3,1,183.814861,1.831001,11323.383923
five,0,3,1,200.628861,2.00853,13305.85371
five,0,3,1,211.800861,2.098033,13733.636847
five,0,3,1,212.204861,2.182938,15406.875378
five,0,3,1,201.016861,2.10455,13094.210522
five,0,2,0,169.606861,1.716437,9130.225747
five,0,3,1,189.934861,1.856424,11787.076547
five,0,3,1,215.314861,2.161004,15196.92999
five,0,3,1,191.159861,1.98636,12188.133665
five,0,2,0,208.368861,2.165181,14598.332551
five,0,3,1,199.966861,2.039494,13436.646565
five,0,3,1,206.366861,1.994414,13477.732887
five,0,2,0,189.950861,2.153729,11182.276632
five,0,3,1,193.664861,1.904347,13225.580607
five,0,2,0,209.690861,2.099251,14252.117936
five,0,3,1,197.832861,2.009862,12181.286853
five,0,3,1,171.012861,1.948469,9400.383843
five,0,3,1,226.462861,2.321903,17572.199943
five,0,2,0,209.798861,2.055516,13672.51993
five,0,3,1,201.082861,2.078222,13518.536656
five,0,2,0,211.320861,2.09846,13706.803401
five,0,3,1,206.020861,2.297292,13819.734466
five,0,2,0,204.034861,1.980027,13630.70529
five,0,3,1,207.648861,2.209261,12900.521361
five,0,3,1,190.472861,1.935089,11436.202316
five,0,2,0,197.212861,2.104223,12509.460196
five,0,3,1,189.802861,1.914672,12044.224612
five,0,3,1,212.064861,1.976588,14630.500745
five,0,2,0,179.488861,1.773592,10886.358367
five,0,2,0,190.354861,1.990185,10787.275536
five,0,3,1,191.770861,1.882295,11819.865416
five,0,3,1,222.618861,2.251476,14513.159302
five,0,3,1,203.348861,2.009361,13495.202528
five,0,2,0,205.324861,2.06861,12950.392482
five,0,3,1,173.682861,1.663958,8841.968616
five,0,2,0,178.810861,2.050743,9694.059784
five,0,3,1,214.355861,2.082652,15228.181591
five,0,3,1,206.954861,2.066661,13778.037704
five,0,3,1,211.047861,2.188569,15227.636589
five,0,3,1,197.610861,2.247855,13660.703386
five,0,3,1,201.934861,1.940228,12500.566867
five,0,3,1,214.736861,2.124498,15319.350652
five,0,3,1,179.430861,1.921377,11732.825088
five,0,2,0,187.386861,2.119527,10299.711876
five,0,3,1,198.022861,1.94014,12364.965945
five,0,2,0,193.268861,2.019264,13516.477816
five,0,3,1,209.550861,2.248772,14877.190036
five,0,3,1,196.194861,2.066917,12622.763461
five,0,3,1,187.668861,2.00959,10700.893916
five,0,2,0,191.902861,2.238198,11197.459489
five,0,3,1,205.540861,2.122872,14013.704093
five,0,2,0,193.606861,2.09595,13252.184397
five,0,3,1,213.098861,2.300201,15243.975531
five,0,2,0,202.760861,2.023512,12496.367184
five,0,3,1,217.290861,2.131492,17242.285328
five,0,3,1,211.254861,2.077313,13534.033707
five,0,3,1,190.108861,1.95694,12037.737847
five,0,2,0,157.474861,1.854173,8127.989723
five,0,2,0,191.174861,2.068099,11354.159906
five,0,3,1,206.010861,2.145049,13672.784803
five,0,2,0,166.490861,1.633175,6421.121349
five,0,3,1,186.038861,1.809676,10115.298724
five,0,3,1,227.068861,2.305388,17080.824219
five,0,3,1,193.820861,1.909364,11318.949009
five,0,3,1,200.652861,1.981506,13896.459506
five,0,3,1,201.032861,2.117886,12879.367967
five,0,3,1,179.480861,1.866269,10479.969414
five,0,3,1,176.238861,2.031343,9681.489502
five,0,2,0,199.998861,1.970224,11900.516244
five,0,3,1,214.355861,2.082652,15228.181591
five,0,2,0,195.185861,2.015923,12302.188377
five,0,2,0,180.092861,2.037025,9605.468984
five,0,3,1,196.401861,2.019032,12940.920329
five,0,2,0,188.785861,1.836397,12341.959659
five,0,2,0,181.084861,1.846913,9637.593888
five,0,2,0,159.633861,1.781434,6340.380787
five,0,3,1,219.392861,2.214583,14739.107796
five,0,2,0,189.470861,2.162305,10536.854736
five,0,2,0,185.412861,1.939848,11749.992101
five,0,3,1,210.468861,2.025752,15197.649236
five,0,3,1,180.548861,1.814374,10620.2555
five,0,3,1,207.260861,2.006589,14217.788152
five,0,2,0,177.330861,1.838923,9223.048676
five,0,2,0,197.062861,1.878226,11408.922963
five,0,3,1,201.734861,2.009504,13699.032164
five,0,2,0,188.132861,1.960233,12290.775144
five,0,3,1,186.666861,1.915144,11283.444567
five,0,2,0,201.612861,2.018381,13667.143426
five,0,2,0,186.278861,1.763405,10085.426426
five,0,2,0,173.790861,2.001458,9241.17846
five,0,3,1,169.855861,1.952888,9872.10531
five,0,2,0,203.480861,1.969993,13239.52595
six,1,1,1,140.494861,1.446224,3752.246386
six,1,1,1,147.854861,1.423925,3669.320722
six,1,1,1,131.554861,1.400662,3258.891919
six,1,1,1,137.022861,1.346556,3593.774748
six,1,1,1,138.360861,1.353152,3787.671292
six,1,1,1,135.574861,1.437334,4073.644988
six,1,1,1,134.920861,1.559018,3429.917439
six,1,1,1,142.992861,1.440626,4567.220105
six,1,1,1,138.898861,1.395824,3744.705281
six,1,1,1,161.782861,1.629932,5845.270941
six,1,1,1,166.546861,1.848482,6782.349521
six,1,1,1,136.740861,1.369799,3674.613336
six,1,1,1,131.960861,1.498641,3091.3223
six,1,1,1,160.004861,1.708443,5346.433307
six,1,1,1,156.952861,1.685543,5663.024169
six,1,1,1,135.110861,1.385279,3389.102913
six,1,1,1,150.204861,1.641882,4521.846761
six,1,1,1,142.372861,1.539036,4074.165662
six,1,1,1,145.880861,1.631792,4727.127674
six,1,1,1,161.500861,1.573794,5848.755866
six,1,1,1,167.182861,1.642946,5841.681693
six,1,1,1,162.286861,1.573958,5573.324353
six,1,1,1,154.884861,1.451577,4985.377018
six,1,1,1,140.594861,1.548505,3612.776887
six,1,1,1,143.298861,1.432786,4600.991649
six,1,1,1,151.890861,1.556296,4766.838427
six,1,1,1,148.698861,1.583194,4722.321164
six,1,1,1,136.690861,1.469011,3634.575642
six,1,1,1,136.938861,1.45077,3536.37416
six,1,1,1,141.164861,1.452154,3939.097143
six,1,1,1,135.722861,1.48025,3505.5015
six,1,1,1,128.180861,1.303085,2349.582604
six,1,1,1,131.290861,1.241465,2419.457886
six,1,1,1,162.790861,1.705517,5963.337205
six,1,2,1,139.850861,1.458158,3524.816504
six,1,1,1,138.460861,1.411262,3502.29951
six,1,1,1,157.680861,1.496903,5409.010126
six,1,1,1,144.108861,1.482439,4300.67317
six,1,1,1,137.012861,1.431504,3631.859403
six,1,1,1,162.552861,1.710115,5769.388313
six,1,1,1,131.886861,1.367668,3046.965225
six,1,1,1,171.946861,1.766459,6143.414859
six,1,1,1,139.270861,1.622955,3932.185128
six,1,1,1,131.000861,1.502421,3353.847736
six,1,1,1,130.702861,1.383729,3153.25485
six,1,1,1,144.994861,1.584932,4479.01039
six,1,1,1,134.970861,1.428913,3370.497447
six,1,1,1,155.670861,1.470347,5679.536968
six,1,1,1,130.214861,1.317787,2707.995327
six,1,1,1,152.288861,1.626056,5557.811709
six,1,1,1,141.950861,1.529987,4273.277504
six,1,1,1,138.700861,1.477798,3694.513743
six,1,1,1,134.796861,1.340223,3433.305405
six,1,1,1,135.648861,1.462062,3736.662912
six,1,1,1,133.920861,1.564621,3808.021317
six,1,1,1,133.126861,1.336972,2968.131873
six,1,1,1,135.044861,1.483988,3865.489708
six,1,1,1,130.942861,1.514323,3510.701878
six,1,1,1,143.026861,1.613885,4249.885793
six,1,1,1,135.044861,1.339365,3242.808674
six,1,1,1,146.624861,1.578063,4312.652687
six,1,1,1,134.210861,1.3063,3064.863624
six,1,1,1,133.358861,1.370034,3378.034885
six,1,1,1,150.874861,1.702441,4716.158306
six,1,1,1,131.596861,1.338682,3078.477817
six,1,1,1,139.386861,1.457308,3729.174202
six,1,1,1,161.202861,1.669421,5656.882778
six,1,1,1,140.188861,1.490467,3541.766622
six,1,1,1,151.162861,1.542743,4900.632511
six,1,1,1,137.930861,1.353019,3194.798349
six,1,1,1,130.852861,1.430346,3260.08949
six,1,1,1,136.790861,1.384336,3384.28946
six,1,1,1,140.264861,1.510713,4096.720409
six,1,1,1,131.604861,1.500691,3172.705144
six,1,1,1,149.534861,1.514282,4363.931375
six,1,1,1,141.528861,1.53556,3979.06929
six,1,1,1,135.260861,1.495467,3592.353529
six,1,1,1,133.820861,1.400076,3309.147418
six,0,2,0,138.732861,1.397708,3486.447016
six,1,1,1,137.220861,1.509045,3737.864996
six,1,1,1,132.464861,1.343152,3124.956408
six,1,1,1,140.403861,1.630603,3943.380566
six,1,1,1,138.724861,1.516395,3861.449762
six,1,1,1,139.038861,1.390192,3757.750943
six,1,1,1,129.628861,1.373326,2862.955699
six,1,1,1,141.810861,1.490865,3927.745016
six,1,1,1,134.052861,1.364553,3101.21277
six,1,1,1,150.428861,1.510733,4752.267346
six,1,1,1,142.520861,1.321912,3435.96684
six,1,1,1,140.214861,1.389782,3632.041577
six,1,1,1,149.634861,1.542364,4258.511802
six,1,1,1,126.510861,1.441427,3470.609932
six,1,1,1,136.988861,1.412959,3650.416823
six,1,1,1,133.382861,1.534821,3755.549532
six,1,1,1,138.558861,1.482644,3905.883497
six,1,1,1,137.872861,1.329343,3504.253132
six,1,1,1,133.622861,1.33688,3103.297143
six,1,1,1,139.452861,1.332184,3490.171798
six,1,1,1,133.696861,1.490824,3368.277093
six,1,2,2,149.890861,1.65977,4528.578862
six,1,1,1,171.326861,1.61913,6641.598612
seven,0,2,0,175.890861,1.964391,7440.402551
seven,0,2,0,164.255861,1.729234,5534.869802
seven,0,2,0,146.796861,1.680806,5290.632432
seven,0,2,0,149.070861,1.691584,5162.241482
seven,0,2,0,139.510861,1.622985,4802.081171
seven,0,2,0,163.956861,1.749388,7541.671635
seven,0,2,0,170.292861,1.927728,7822.51754
seven,0,2,0,155.810861,1.765212,5783.671312
seven,0,2,0,148.276861,1.832524,5463.703246
seven,0,2,0,148.458861,1.708299,5631.359601
seven,0,2,0,150.558861,1.768127,5307.033963
seven,0,2,0,168.646861,1.781675,6602.766567
seven,0,2,0,160.102861,1.708266,5459.909319
seven,0,2,0,149.376861,1.600707,5019.134661
seven,0,2,0,150.964861,1.711692,5378.153104
seven,0,2,0,164.386861,1.865383,6616.864859
seven,0,2,0,148.202861,1.680375,5132.458296
seven,0,2,0,154.744861,1.817286,6011.443644
seven,0,2,0,165.494861,1.882531,7756.242588
seven,0,2,0,145.928861,1.564888,4618.575608
seven,0,2,0,159.962861,1.872088,6483.969784
seven,0,3,1,164.982861,1.9392,8268.120006
seven,0,2,0,152.370861,1.6447,5102.279936
seven,0,2,0,164.014861,1.71362,6765.264567
seven,0,2,0,167.918861,1.819197,7143.929038
seven,0,3,1,151.196861,1.767976,5503.03986
seven,0,2,0,164.320861,1.828026,7234.665223
seven,0,2,0,147.912861,1.654522,4736.962853
seven,0,2,0,159.012861,1.717652,5416.057025
seven,0,3,1,157.266861,1.824898,6479.274489
seven,0,3,1,173.674861,1.815793,7754.129402
seven,0,3,1,152.378861,1.769676,5600.139191
seven,0,2,0,159.540861,1.776231,7222.245272
seven,0,2,0,149.732861,1.622174,4621.767825
seven,0,2,0,150.244861,1.83239,5601.368331
seven,0,2,0,151.600861,1.777287,5366.174052
seven,0,3,1,149.352861,1.746414,5238.074186
seven,0,3,1,151.386861,1.755183,5791.839752
seven,0,2,0,157.786861,1.774764,5487.846081
seven,0,2,0,171.358861,1.796521,7385.297999
seven,0,2,0,150.700861,1.666174,5275.072765
seven,0,2,0,163.964861,1.922235,6905.209731
seven,0,3,1,150.800861,1.613639,5583.441335
seven,0,2,0,153.702861,1.754108,5498.001636
seven,0,2,0,153.404861,1.728226,5576.294043
seven,0,2,0,173.442861,1.874899,7663.136511
seven,0,2,0,166.214861,1.749858,7366.939967
seven,0,2,0,176.800861,1.837155,7854.619245
seven,0,2,0,171.788861,1.968583,7881.51558
seven,0,2,0,158.036861,1.679032,6097.384825
seven,0,2,0,171.086861,1.882908,7781.404533
seven,0,2,0,170.870861,1.895008,7771.979905
seven,0,2,0,154.818861,1.702574,5592.53361
seven,0,2,0,156.414861,1.856303,5837.602998
seven,0,2,0,156.216861,1.80661,5682.88196
seven,0,2,0,176.684861,1.993675,8019.092088
seven,0,2,0,153.876861,1.639492,5399.077699
seven,0,2,0,154.578861,1.735923,5632.260445
seven,0,2,0,167.488861,1.897515,7774.274672
seven,0,2,0,144.538861,1.648178,4699.553636
seven,0,2,0,153.842861,1.817754,5702.682759
seven,0,2,0,156.150861,1.815022,5879.715664
seven,0,2,0,152.122861,1.605981,5428.167873
seven,0,3,1,163.626861,1.807698,7304.594738
seven,0,2,0,151.072861,1.711535,5379.308241
seven,0,3,1,161.518861,1.764231,6808.958115
seven,0,2,0,148.996861,1.478654,4450.292723
seven,0,2,0,167.670861,1.790296,6451.14901
seven,0,2,0,150.038861,1.666552,5114.151769
seven,0,3,1,149.352861,1.746414,5238.074186
seven,0,2,0,165.056861,1.815163,7636.315451
seven,0,3,1,148.872861,1.637185,5111.118269
seven,0,2,0,155.050861,1.709026,5522.524233
seven,0,2,0,149.740861,1.66067,5272.361447
seven,0,2,0,150.782861,1.749659,5262.351145
seven,0,2,0,169.588861,1.803043,7834.897663
seven,0,2,0,165.900861,1.776495,7074.891389
seven,0,2,0,158.018861,1.694537,6276.701355
seven,0,2,0,184.598861,1.9221,7624.827763
seven,0,2,0,156.224861,1.724601,5599.429706
seven,0,2,0,145.166861,1.694557,5025.357106
seven,0,2,0,148.988861,1.727381,5284.601928
seven,0,2,0,157.158861,1.670889,5314.059776
seven,0,2,0,149.054861,1.675216,5008.420685
seven,0,2,0,150.534861,1.603885,5077.808816
seven,0,2,0,155.670861,1.679091,5771.403754
seven,0,3,1,150.038861,1.743979,6081.528557
seven,0,2,0,141.908861,1.630219,4761.696756
seven,0,2,0,164.990861,1.839776,7325.332902
seven,0,2,0,165.314861,1.872885,6989.193932
seven,0,2,0,151.684861,1.631335,5022.429939
seven,0,2,0,172.102861,1.879837,7773.638677
seven,0,2,0,151.692861,1.739733,5907.466223
seven,0,2,0,171.490861,1.965168,7399.497323
seven,0,3,1,153.710861,1.741421,5741.904542
seven,0,2,0,164.692861,1.790863,7149.216992
seven,0,3,1,169.332861,1.932483,7978.350447
seven,0,2,0,158.482861,1.72848,6313.478862
seven,0,2,0,162.898861,1.849995,6739.807393
seven,0,2,0,149.270861,1.600726,5011.899493
seven,0,2,0,149.682861,1.642353,5062.765658
seven,0,2,0,147.268861,1.62698,4890.223053
seven,0,2,0,164.668861,1.786624,6406.445856
seven,0,2,0,153.950861,1.815847,5858.313683
seven,0,2,0,138.784861,1.625635,4338.716587
seven,0,2,0,154.786861,1.724647,5859.667364
seven,0,2,0,152.180861,1.873594,6067.469846
eight,2,0,2,122.450861,1.38839,2048.900414
eight,2,0,2,134.307861,1.358334,2068.635969
eight,2,0,2,137.426861,1.339198,2618.793923
eight,2,0,2,131.554861,1.327085,2967.872238
eight,2,0,2,140.304861,1.441392,2519.99986
eight,2,0,2,137.318861,1.275733,1898.09921
eight,2,0,2,136.954861,1.29357,2256.301916
eight,2,0,2,132.273861,1.291296,2050.732829
eight,2,1,3,128.668861,1.269088,1728.209448
eight,2,0,2,125.534861,1.271243,1763.870384
eight,2,0,2,135.052861,1.265014,2251.761894
eight,2,0,2,131.372861,1.229189,1777.64522
eight,2,0,2,136.896861,1.380973,2133.624807
eight,2,0,2,136.019861,1.340774,2164.1778
eight,2,0,2,142.478861,1.445625,2618.490293
eight,1,1,1,131.795861,1.305529,2636.675607
eight,2,0,2,131.232861,1.274285,1785.374617
eight,2,0,2,135.862861,1.340864,2162.956277
eight,2,0,2,127.808861,1.334426,1988.104822
eight,2,0,2,132.199861,1.264347,2081.769746
eight,2,0,2,138.634861,1.363225,2542.039593
eight,2,0,2,133.068861,1.352777,1753.588754
eight,2,0,2,134.861861,1.255633,2222.223344
eight,2,0,2,131.752861,1.285441,1788.366626
eight,2,0,2,137.632861,1.44095,2371.636337
eight,2,0,2,127.378861,1.27682,1909.905917
eight,2,0,2,135.516861,1.322164,1963.822806
eight,2,0,2,135.590861,1.267958,2172.984231
eight,2,0,2,135.582861,1.355637,2055.996931
eight,2,0,2,135.094861,1.351607,2031.048631
eight,2,0,2,125.600861,1.225419,1749.440546
eight,2,0,2,128.528861,1.260791,2036.148964
eight,2,0,2,120.126861,1.408302,2450.887635
eight,2,0,2,141.097861,1.384923,2532.448181
eight,2,0,2,139.046861,1.392899,2362.858659
eight,2,0,2,137.243861,1.352839,2252.597869
eight,2,0,2,134.432861,1.31316,2298.117079
eight,2,0,2,123.938861,1.280927,1828.756603
eight,2,0,2,135.772861,1.322291,2157.832651
eight,2,0,2,131.472861,1.239017,1861.615988
eight,2,0,2,133.208861,1.340346,2283.56162
eight,2,0,2,125.592861,1.280105,2104.69712
eight,2,0,2,129.438861,1.280603,1817.131759
eight,2,0,2,135.300861,1.256985,1848.147037
eight,2,0,2,128.668861,1.192144,1902.619483
eight,2,0,2,134.539861,1.24186,2050.496219
eight,2,0,2,138.278861,1.363874,2915.485172
eight,2,0,2,128.626861,1.343888,1933.915092
eight,2,0,2,131.198861,1.339871,2094.817373
eight,2,0,2,128.792861,1.350261,1961.917926
eight,2,0,2,134.564861,1.263231,1841.434062
eight,2,0,2,131.496861,1.311491,2063.889277
eight,2,0,2,126.038861,1.266591,1692.114899
eight,2,0,2,129.520861,1.207222,2127.84117
eight,2,0,2,133.556861,1.265026,1872.546277
eight,2,0,2,129.032861,1.339884,1740.098977
eight,2,0,2,135.292861,1.265867,1992.687702
eight,2,0,2,130.966861,1.328822,1835.493177
eight,2,0,2,133.125861,1.348984,2289.727102
eight,2,0,2,138.095861,1.456876,2212.692582
eight,2,0,2,125.956861,1.286337,1810.839013
eight,2,0,2,136.706861,1.298527,2043.126189
eight,2,0,2,132.026861,1.257644,2090.139034
eight,2,0,2,138.972861,1.308967,2188.831933
eight,2,0,2,132.944861,1.300966,1951.218327
eight,2,0,2,138.212861,1.334181,2691.372088
eight,2,0,2,130.066861,1.250432,1909.789703
eight,2,0,2,126.858861,1.400423,2670.501968
eight,2,0,2,140.552861,1.313638,2327.407319
eight,2,0,2,131.952861,1.259094,2395.103975
eight,2,0,2,128.775861,1.320327,1830.49453
eight,2,0,2,137.930861,1.400386,2457.486553
eight,2,0,2,139.130861,1.339128,2498.09638
eight,2,0,2,131.934861,1.295769,2035.777483
eight,2,0,2,139.013861,1.425297,2520.049956
eight,1,1,1,204.348861,2.035542,8672.428438
eight,2,0,2,133.398861,1.29455,2121.614274
eight,2,0,2,131.918861,1.365235,1860.011587
eight,2,0,2,134.068861,1.248931,1891.984879
eight,2,0,2,135.524861,1.258384,1997.329911
eight,2,0,2,134.746861,1.295425,1750.978168
eight,2,0,2,130.578861,1.308071,1888.410905
eight,2,0,2,131.306861,1.264558,1984.421895
eight,2,0,2,128.254861,1.328211,1889.027063
eight,2,0,2,136.128861,1.324969,2154.672999
eight,2,0,2,133.474861,1.241368,2036.58768
eight,2,0,2,143.967861,1.431406,2188.281562
eight,2,0,2,126.642861,1.268642,2121.958963
eight,2,0,2,131.148861,1.345546,2211.306863
eight,2,0,2,126.063861,1.279903,1997.840212
eight,2,0,2,132.216861,1.362828,1843.309384
eight,2,0,2,131.670861,1.373808,1992.527073
eight,2,0,2,125.392861,1.223389,1671.228645
eight,2,0,2,125.831861,1.254208,1852.241551
eight,2,0,2,139.336861,1.325765,2369.105419
eight,2,0,2,132.736861,1.385879,1963.767182
eight,2,0,2,140.569861,1.402859,2524.030891
eight,2,0,2,126.980861,1.280943,1651.017993
eight,2,0,2,137.938861,1.252616,2444.598327
nine,1,1,1,133.126861,1.336972,2968.131873
nine,1,1,1,139.850861,1.535636,4077.83686
nine,1,1,1,137.376861,1.478531,3882.010465
nine,1,1,1,133.358861,1.370034,3378.034885
nine,1,1,1,135.574861,1.437334,4073.644988
nine,1,1,1,149.294861,1.502203,4784.061922
nine,1,1,1,137.988861,1.413854,3551.972457
nine,1,1,1,138.270861,1.497997,4050.590448
nine,1,1,1,132.960861,1.419682,3583.983013
nine,1,1,1,131.886861,1.367668,3046.965225
nine,1,1,1,128.230861,1.30956,2741.03901
nine,1,1,1,127.230861,1.417616,2834.117472
nine,1,1,1,135.648861,1.462062,3736.662912
nine,1,1,1,137.608861,1.432826,3886.525414
nine,1,1,1,130.578861,1.441489,3346.083932
nine,1,2,2,159.598861,1.608955,5502.827209
nine,0,2,0,195.864861,2.062003,8714.098781
nine,1,1,1,132.158861,1.51445,3409.961788
nine,1,1,1,144.804861,1.536273,4127.367857
nine,1,1,1,144.712861,1.469243,4203.445812
nine,1,1,1,147.706861,1.550698,4393.090846
nine,1,1,1,137.186861,1.450333,3740.476333
nine,1,1,1,134.928861,1.321973,3476.298443
nine,1,1,1,154.884861,1.451577,4985.377018
nine,1,1,1,134.796861,1.340223,3433.305405
nine,1,1,1,138.782861,1.456001,3590.409352
nine,1,1,1,138.716861,1.39488,3507.900758
nine,1,1,1,149.634861,1.542364,4258.511802
nine,1,1,1,150.360861,1.503396,4641.723604
nine,1,1,1,139.882861,1.475729,3902.319985
nine,1,1,1,154.222861,1.54201,4594.759907
nine,1,1,1,137.930861,1.353019,3194.798349
nine,1,1,1,133.564861,1.349087,3301.989829
nine,1,1,1,141.486861,1.405865,3506.943928
nine,1,1,1,130.380861,1.486734,3279.727211
nine,1,1,1,136.888861,1.410044,3564.512916
nine,1,1,1,156.952861,1.685543,5663.024169
nine,1,1,1,136.872861,1.418415,3703.130347
nine,1,1,1,157.498861,1.655794,5326.025889
nine,1,1,1,130.042861,1.364308,2948.697092
nine,1,1,1,138.816861,1.510611,3958.131954
nine,1,1,1,166.546861,1.848482,6782.349521
nine,1,1,1,136.988861,1.412959,3650.416823
nine,1,1,1,138.261861,1.469979,3464.45338
nine,1,1,1,144.514861,1.565643,3954.637728
nine,1,1,1,153.562861,1.645564,4823.132617
nine,1,1,1,142.588861,1.61934,4173.608132
nine,1,1,1,133.490861,1.473635,3724.809452
nine,1,1,1,138.840861,1.476135,3995.812068
nine,1,1,1,143.298861,1.432786,4600.991649
nine,1,2,2,149.890861,1.65977,4528.578862
nine,1,1,1,152.404861,1.620345,5243.267754
nine,1,1,1,144.994861,1.582557,4458.557371
nine,1,1,1,134.920861,1.559018,3429.917439
nine,1,1,1,127.370861,1.464424,3225.833473
nine,1,1,1,159.358861,1.615849,5586.482263
nine,1,1,1,162.790861,1.705517,5963.337205
nine,1,1,1,142.372861,1.539036,4074.165662
nine,1,1,1,134.632861,1.509539,3598.942779
nine,1,1,1,145.482861,1.596269,4437.112998
nine,1,1,1,137.616861,1.411906,3772.102425
nine,1,1,1,135.260861,1.495467,3592.353529
nine,1,1,1,137.502861,1.403331,3465.855896
nine,1,1,1,136.790861,1.384336,3384.28946
nine,1,1,1,127.080861,1.325012,2986.684377
nine,1,1,1,177.470861,1.762322,6732.361475
nine,1,1,1,139.214861,1.615425,4018.886646
nine,1,1,1,157.770861,1.501162,5613.315099
nine,1,1,1,133.622861,1.33688,3103.297143
nine,1,1,1,133.382861,1.534821,3755.549532
nine,1,1,1,140.512861,1.516704,3837.232096
nine,1,1,1,140.403861,1.630603,3943.380566
nine,1,1,1,132.472861,1.419565,3442.718957
nine,1,1,1,143.026861,1.613885,4249.885793
nine,1,1,1,130.852861,1.430346,3260.08949
nine,1,1,1,130.702861,1.442858,3076.358131
nine,1,1,1,128.180861,1.303085,2349.582604
nine,1,1,1,133.688861,1.416339,3347.27832
nine,1,1,1,143.736861,1.373109,3940.943157
nine,1,1,1,131.910861,1.340135,2746.513927
nine,1,1,1,141.974861,1.468318,3893.038859
nine,1,1,1,161.782861,1.629932,5845.270941
nine,1,1,1,140.494861,1.446224,3752.246386
nine,1,1,1,133.812861,1.555376,3787.03556
nine,1,1,1,135.326861,1.375732,2986.026595
nine,1,1,1,150.592861,1.494493,5004.589369
nine,1,1,1,138.650861,1.451608,3776.501007
nine,1,1,1,148.128861,1.684989,4755.585078
nine,1,1,1,138.774861,1.481761,3734.586274
nine,1,1,1,171.516861,1.624576,6554.344946
nine,1,1,1,129.536861,1.281572,3024.629928
nine,1,1,1,123.236861,1.400701,2867.356515
nine,1,1,1,135.070861,1.437074,3605.527977
nine,1,1,1,128.594861,1.283351,2595.600228
nine,1,1,1,141.982861,1.501036,3979.9499
nine,1,1,1,137.220861,1.509045,3737.864996
nine,1,1,1,135.996861,1.444872,3362.541425
nine,1,1,1,129.826861,1.352719,2943.229821
nine,1,1,1,141.810861,1.490865,3927.745016
nine,1,1,1,139.096861,1.450297,3412.500862
nine,1,1,1,149.534861,1.514282,4363.931375
nine,1,1,1,128.469861,1.404298,3095.057527
