@relation test

@attribute class {zero,one,two,three,four,five,six,seven,eight,nine}
@attribute mor_0 numeric
@attribute mor_1 numeric
@attribute mor_2 numeric
@attribute mor_3 numeric
@attribute mor_4 numeric
@attribute mor_6 numeric

@data
zero,1,0,0,133.018861,1.294699,1813.312452
zero,1,0,0,121.656861,1.318004,1720.433994
zero,1,0,0,130.694861,1.343557,1685.056222
zero,1,0,0,132.472861,1.327882,1731.645587
zero,1,0,0,141.072861,1.336216,2180.629149
zero,1,0,0,135.176861,1.286184,1671.001033
zero,1,0,0,128.973861,1.311147,1752.911256
zero,1,0,0,127.138861,1.1922,1613.15094
zero,1,0,0,131.794861,1.22375,1713.431751
zero,1,0,0,131.173861,1.319031,1568.978435
zero,1,0,0,131.620861,1.278052,1881.470567
zero,1,0,0,124.996861,1.21807,1692.167937
zero,1,0,0,134.258861,1.305215,1675.549245
zero,1,0,0,135.738861,1.279935,1949.631773
zero,1,0,0,130.578861,1.268686,1596.788072
zero,1,0,0,131.934861,1.356304,1623.238035
zero,1,0,0,128.684861,1.319394,1624.011556
zero,1,0,0,136.978861,1.30855,1963.711458
zero,1,0,0,129.850861,1.299141,1551.035202
zero,1,0,0,133.588861,1.38345,1666.205493
zero,1,0,0,130.322861,1.258018,1679.91193
zero,1,0,0,131.487861,1.367231,1914.107054
zero,1,0,0,139.972861,1.313272,1997.273622
zero,1,0,0,127.766861,1.232623,1604.780162
zero,1,0,0,135.862861,1.340864,1733.270959
zero,1,0,0,127.436861,1.193676,1628.764278
zero,1,0,0,131.322861,1.262507,1662.386954
zero,1,0,0,134.258861,1.277449,1655.186876
zero,1,0,0,132.612861,1.274169,1740.207854
zero,1,0,0,134.804861,1.292236,1619.933005
zero,1,0,0,131.562861,1.263348,1544.092522
zero,1,0,0,126.956861,1.275816,1608.740609
zero,1,0,0,128.354861,1.200291,1496.383412
zero,1,0,0,121.572861,1.248125,1530.151156
zero,1,0,0,128.502861,1.338924,1715.132468
zero,1,0,0,132.596861,1.316714,1694.231061
zero,1,0,0,144.016861,1.343802,2256.65348
zero,1,0,0,133.306861,1.30766,1829.529741
zero,1,0,0,127.923861,1.327469,1560.581747
zero,1,0,0,128.667861,1.272193,1640.830426
zero,1,0,0,125.219861,1.24423,1602.840912
zero,0,2,0,209.418861,2.027482,13099.455286
zero,1,0,0,129.164861,1.234612,1630.91695
zero,1,0,0,122.300861,1.258939,1669.417735
zero,1,0,0,136.598861,1.327176,1711.670697
zero,1,0,0,129.098861,1.276454,1664.239391
zero,1,0,0,132.628861,1.374434,1884.680458
zero,1,0,0,127.882861,1.327942,1631.551109
zero,1,0,0,127.146861,1.21953,1521.022814
zero,1,0,0,135.043861,1.387344,1924.81049
zero,1,0,0,126.998861,1.192205,1629.070635
zero,1,0,0,129.346861,1.210899,1635.044099
zero,1,0,0,135.060861,1.252043,1652.290596
zero,1,0,0,133.464861,1.247392,1628.799461
zero,1,0,0,130.280861,1.298552,1705.019387
zero,1,0,0,126.394861,1.26536,1803.287201
zero,1,0,0,133.150861,1.311693,1620.221779
zero,0,2,0,231.276861,2.38708,15215.964412
zero,1,0,0,139.666861,1.463253,2154.437406
zero,1,0,0,132.124861,1.391938,1653.62841
zero,1,0,0,126.882861,1.22769,1707.518308
zero,1,0,0,132.215861,1.26305,1757.956207
zero,1,0,0,128.742861,1.292125,1698.454401
zero,1,0,0,134.018861,1.345078,1871.813126
zero,1,0,0,132.678861,1.326601,1617.683221
zero,1,0,0,139.542861,1.374661,1871.055934
zero,1,0,0,127.129861,1.270321,1739.283124
zero,1,0,0,132.596861,1.374103,1632.047281
zero,1,0,0,134.820861,1.249143,1623.20697
zero,1,0,0,138.442861,1.379906,1918.750472
zero,1,0,0,134.010861,1.270042,1758.968752
zero,1,0,0,126.724861,1.302745,1609.334822
zero,1,0,0,134.936861,1.264624,1611.208565
zero,1,0,0,126.998861,1.26663,1542.462627
zero,1,0,0,131.702861,1.337155,1855.10493
zero,1,0,0,129.362861,1.217773,1597.345025
zero,1,0,0,136.648861,1.27366,1712.383206
zero,1,0,0,122.448861,1.21294,1618.527005
zero,1,0,0,125.600861,1.164346,1497.753302
zero,1,0,0,123.236861,1.365678,2097.188584
zero,1,0,0,136.640861,1.302338,1759.938914
zero,1,0,0,130.089861,1.332919,1734.783871
zero,1,0,0,133.034861,1.250948,1718.367277
zero,1,0,0,126.774861,1.342144,1730.012685
zero,1,0,0,135.846861,1.366889,1640.186583
zero,1,0,0,128.799861,1.213826,1650.613831
zero,1,0,0,133.232861,1.369648,1747.263857
zero,1,0,0,122.904861,1.201994,1439.53494
zero,1,0,0,123.268861,1.175559,1647.619186
zero,1,0,0,134.820861,1.367925,1872.544549
zero,1,0,0,121.986861,1.303442,2022.701798
zero,1,0,0,130.660861,1.359555,1859.826849
zero,1,0,0,134.820861,1.276998,1897.196661
zero,1,0,0,128.270861,1.23604,1795.013571
zero,1,0,0,130.958861,1.348961,1755.422128
zero,1,0,0,128.146861,1.212417,1726.835761
zero,1,0,0,131.256861,1.26114,1719.125603
one,0,3,1,136.583861,1.351292,3403.983588
one,0,3,1,135.482861,1.311673,3767.82304
one,0,4,2,136.185861,1.474322,3943.681013
one,0,2,0,139.261861,1.241062,2250.276695
one,0,2,0,133.754861,1.288134,2821.708852
one,0,2,0,132.720861,1.28569,2755.062839
one,0,2,0,136.822861,1.273891,2779.175037
one,0,2,0,130.040861,1.292936,2827.824295
one,0,3,1,142.686861,1.517025,4909.856848
one,0,3,1,127.469861,1.446466,3753.589891
one,0,3,1,133.720861,1.332009,3389.70723
one,0,3,1,133.960861,1.314075,3187.257526
one,0,2,0,133.862861,1.285434,2644.125501
one,0,2,0,137.170861,1.291275,3030.359717
one,0,3,1,141.470861,1.515987,5416.707511
one,0,3,1,142.496861,1.60662,5119.361368
one,0,2,0,139.204861,1.430091,3566.38149
one,0,2,0,137.542861,1.277814,2668.63761
one,0,2,0,132.580861,1.334876,3552.805839
one,0,2,0,130.067861,1.472378,3410.535772
one,0,2,0,136.102861,1.339141,3045.174816
one,0,2,0,135.300861,1.29178,2295.147814
one,0,2,0,143.628861,1.423621,3550.768024
one,0,2,0,128.818861,1.478618,3001.151678
one,0,2,0,126.560861,1.428086,3068.573095
one,0,2,0,130.092861,1.415676,3100.755545
one,0,3,1,141.942861,1.428227,4125.995303
one,0,2,0,137.616861,1.339452,2890.290471
one,0,2,0,136.094861,1.288339,3050.003532
one,0,2,0,131.545861,1.280362,2864.290187
one,0,3,1,128.776861,1.338133,3486.892962
one,0,2,0,137.748861,1.278342,3213.045328
one,0,3,1,139.584861,1.314732,4147.567799
one,0,2,0,139.948861,1.353317,3198.097891
one,0,2,0,143.876861,1.557583,4703.269154
one,0,3,1,135.664861,1.303493,3242.31528
one,0,3,1,135.160861,1.295648,2982.128008
one,0,3,1,137.724861,1.495394,4753.669933
one,0,3,1,145.464861,1.366312,3670.647131
one,0,3,1,135.060861,1.303754,3247.020748
one,0,2,0,144.580861,1.346122,3621.026756
one,0,2,0,139.056861,1.361597,3739.706292
one,0,3,5,150.543861,1.601697,4951.456401
one,0,2,0,130.570861,1.248051,2838.268786
one,0,2,0,133.315861,1.264884,2606.864951
one,0,2,0,128.122861,1.384995,3126.28153
one,0,3,1,137.228861,1.427897,4220.563768
one,0,3,1,135.136861,1.42566,4134.958396
one,0,2,0,131.397861,1.243176,2260.193519
one,0,2,0,132.869861,1.272218,3383.751039
one,0,2,0,132.406861,1.281139,2728.172825
one,0,3,1,139.238861,1.444885,3672.318014
one,0,3,1,132.604861,1.266766,3294.542949
one,0,2,0,133.994861,1.301875,2844.444322
one,0,3,1,143.380861,1.376832,3845.846275
one,0,2,0,125.534861,1.449347,3027.626444
one,0,3,1,142.826861,1.444492,3980.193473
one,0,3,1,135.292861,1.349351,3449.626923
one,0,2,0,136.988861,1.34054,3296.954904
one,0,2,0,132.472861,1.384071,3238.837287
one,1,2,2,124.004861,1.381671,2819.710042
one,0,2,0,132.770861,1.286175,2900.261136
one,0,2,0,144.149861,1.287839,2574.880441
one,0,2,0,140.990861,1.221036,2197.882162
one,0,2,0,130.512861,1.321653,2872.47141
one,0,3,1,135.507861,1.441723,4255.362811
one,0,3,1,136.318861,1.432133,3775.714556
one,0,3,1,132.976861,1.283637,3294.15124
one,0,2,0,136.152861,1.49052,4092.140579
one,0,2,0,137.616861,1.328427,3366.231379
one,0,2,0,153.222861,1.603066,5853.127996
one,0,3,1,136.616861,1.404436,3771.59765
one,0,2,0,133.208861,1.288899,2416.307941
one,0,2,0,134.126861,1.293981,2989.56261
one,0,3,1,132.382861,1.289276,3256.693019
one,0,2,0,130.859861,1.243694,2297.983986
one,0,3,1,138.037861,1.286606,3489.973118
one,0,2,0,130.084861,1.576239,3396.473985
one,0,2,0,138.030861,1.32854,2935.398334
one,0,2,0,129.263861,1.261157,2454.235533
one,0,3,1,136.665861,1.334972,3090.644878
one,0,2,0,140.188861,1.363674,2842.992478
one,0,2,0,137.170861,1.281326,2916.292406
one,0,3,1,143.165861,1.386056,4104.3202
one,0,2,0,132.290861,1.307212,3196.295811
one,0,2,0,134.424861,1.374619,3432.422035
one,0,2,0,138.626861,1.591197,4811.324296
one,0,2,0,135.152861,1.404386,3247.438041
one,0,2,0,129.024861,1.410364,3052.154646
one,0,2,0,129.288861,1.257645,2621.69057
one,0,2,0,152.470861,1.531241,4676.592355
one,0,2,0,140.172861,1.409521,3187.611963
one,0,2,0,130.363861,1.282674,2429.448923
one,0,2,0,132.216861,1.293065,2762.74753
one,0,2,0,122.854861,1.437803,2607.936455
one,0,3,1,145.266861,1.460744,4527.256946
one,0,2,0,132.092861,1.282635,2831.14757
one,0,2,0,137.600861,1.497378,3810.383253
one,0,3,1,142.528861,1.408378,4734.158167
one,0,2,0,134.837861,1.260916,2511.185548
two,0,2,0,197.874861,2.053352,10906.43064
two,0,2,0,204.698861,2.079617,12819.327662
two,0,2,0,177.844861,1.838054,8575.661498
two,0,2,0,172.194861,1.932221,8935.584052
two,0,2,0,188.312861,2.106427,11225.111355
two,0,2,0,205.118861,2.026851,11509.95509
two,0,2,0,221.212861,2.218795,14512.738685
two,0,2,0,171.764861,1.807028,7563.383152
two,0,2,0,169.382861,1.925193,8596.957479
two,0,2,0,191.250861,2.098446,10695.619299
two,0,2,0,181.648861,2.107822,9578.79959
two,0,2,0,199.710861,1.927826,11420.755384
two,0,2,0,176.272861,1.640298,8604.065581
two,0,2,0,189.346861,2.169786,10841.254857
two,0,3,1,178.248861,1.713643,8632.919926
two,0,2,0,191.522861,1.938229,10846.810857
two,0,2,0,185.320861,1.941558,11312.415865
two,0,3,1,176.346861,1.904893,8661.646275
two,0,2,0,169.020861,1.98494,10014.861858
two,0,2,0,189.098861,1.982507,10099.495776
two,0,2,0,165.546861,1.697337,6474.977916
two,0,2,0,187.900861,2.160357,10395.694761
two,0,2,0,200.612861,2.192889,12560.345177
two,0,2,0,171.400861,2.004225,8726.454015
two,0,2,0,163.709861,1.6462,6395.847904
two,0,3,1,204.696861,2.012826,11580.750505
two,0,2,0,178.330861,1.894641,9203.619536
two,0,2,0,188.860861,2.091292,10516.40694
two,0,2,0,168.836861,1.912786,8950.947076
two,0,2,0,183.236861,1.828667,9885.668003
two,0,3,1,197.592861,2.010033,11201.396538
two,0,2,0,180.192861,1.81541,9298.405847
two,0,2,0,190.256861,1.918026,10275.862944
two,0,2,0,193.260861,2.026141,11076.601022
two,0,3,1,192.200861,2.040554,10614.393048
two,0,2,0,162.865861,1.699286,7045.790825
two,0,2,0,200.520861,2.031907,12182.097504
two,0,2,0,187.750861,2.058486,10846.700491
two,0,2,0,190.298861,1.985512,11316.466084
two,0,2,0,176.709861,1.781455,8826.387131
two,0,2,0,183.806861,1.940473,10132.94264
two,0,2,0,201.100861,2.003188,11771.377278
two,0,2,0,199.586861,2.196566,12487.673053
two,0,2,0,182.722861,1.913021,9699.206349
two,0,2,0,199.660861,1.938728,12370.7252
two,0,3,1,189.372861,2.15942,10842.553855
two,0,2,0,195.236861,2.127745,11077.545687
two,0,2,0,177.420861,1.919311,9347.623625
two,0,2,0,189.678861,1.988588,10490.343668
two,0,2,0,193.052861,2.0823,10795.736538
two,0,2,0,200.058861,1.997797,11920.934127
two,0,2,0,194.020861,2.055514,10945.464512
two,0,2,0,204.515861,2.113703,11909.113687
two,0,2,0,178.214861,1.865824,9884.033255
two,0,2,0,194.706861,2.025968,11045.379389
two,0,3,1,192.646861,2.01692,11262.432365
two,0,2,0,162.386861,1.791254,7395.956163
two,0,2,0,200.455861,2.135772,12815.776719
two,0,2,0,197.666861,2.178754,11745.041372
two,0,2,0,190.564861,2.123288,11295.040352
two,0,2,0,201.330861,2.284605,11864.604927
two,0,2,0,176.974861,1.842717,9360.566431
two,0,2,0,184.426861,2.032818,9667.240189
two,0,2,0,196.550861,1.954214,11507.50873
two,0,2,0,186.130861,1.939374,10791.496462
two,0,2,0,177.470861,1.904509,8874.523511
two,0,3,1,187.254861,1.922448,9495.981358
two,0,2,0,192.498861,1.990842,10969.884586
two,0,3,0,185.286861,1.946579,9900.675466
two,0,2,0,193.812861,1.886418,10154.279974
two,0,2,0,205.002861,2.088129,12375.060858
two,0,2,0,189.818861,2.01956,9573.069189
two,0,2,0,190.190861,2.072752,11045.908342
two,0,2,0,198.626861,2.104311,11288.750651
two,0,2,0,180.572861,1.990338,9018.823006
two,0,2,0,187.338861,1.916974,9772.330884
two,0,2,0,180.266861,2.043928,10484.021251
two,0,2,0,164.496861,1.755149,9084.261466
two,0,2,0,180.754861,1.908253,9236.347017
two,0,2,0,203.804861,2.040325,12260.313863
two,0,2,0,175.800861,1.900389,8519.378288
two,0,2,0,192.870861,2.181557,11221.656933
two,0,2,0,193.068861,1.976908,10611.242549
two,0,2,0,171.368861,1.938348,8498.500953
two,0,2,0,187.014861,1.952584,10192.868764
two,0,2,0,156.092861,1.60893,5997.794663
two,0,2,0,191.530861,1.887956,10609.477747
two,0,3,1,177.041861,1.741948,6955.245778
two,0,2,0,193.102861,2.027287,10775.343598
two,0,2,0,162.403861,1.616716,6738.528577
two,0,2,0,190.150861,1.885902,11846.521116
two,0,2,0,162.179861,1.838852,8592.084147
two,0,2,0,161.766861,1.728495,7201.995751
two,0,2,0,184.964861,1.772045,9752.960413
two,0,2,0,183.384861,2.062686,10864.253642
two,0,2,0,144.630861,1.526887,4735.332786
two,0,2,0,223.296861,2.55883,13018.090821
two,0,2,0,192.680861,1.984737,11143.196259
two,0,2,0,188.678861,2.05935,11500.401738
two,0,2,0,184.724861,1.746729,9651.529756
two,0,2,0,200.668861,2.122952,11510.314943
two,0,2,0,198.716861,2.273411,11386.310532
two,0,2,0,143.852861,1.588024,4790.233746
two,0,2,0,184.542861,1.926774,10506.459905
two,0,2,0,189.100861,2.095565,10524.65185
two,0,2,0,194.566861,2.171268,12202.529749
three,0,2,0,172.252861,1.822329,8623.000595
three,0,4,2,183.294861,2.005093,10691.516287
three,0,3,1,179.390861,1.872984,9118.29772
three,0,3,1,188.834861,1.946419,10856.932099
three,0,4,2,197.964861,2.057072,12499.417484
three,0,2,0,152.634861,1.649967,5666.238254
three,0,3,1,165.662861,1.869305,8728.791999
three,0,2,0,137.742861,1.525253,3801.706956
three,0,2,0,189.454861,1.972663,10830.31208
three,0,2,0,172.434861,1.950406,8179.285889
three,0,3,1,207.674861,2.301397,14634.753374
three,0,3,1,192.208861,1.940184,11319.729496
three,0,3,1,203.464861,2.246094,12199.940871
three,0,3,1,210.370861,2.231881,15242.065184
three,0,3,1,178.522861,1.955835,8373.783023
three,0,3,1,202.786861,2.069609,12568.45198
three,0,3,1,185.171861,2.016549,10421.047334
three,0,2,0,166.322861,1.918653,8118.65868
three,0,3,1,202.306861,2.109357,13632.604537
three,0,3,1,179.200861,1.906591,8873.645224
three,0,4,2,184.028861,1.764095,9560.24594
three,0,3,1,178.456861,1.874825,9784.332319
three,0,2,0,161.716861,1.595048,6200.322665
three,0,3,1,183.442861,1.982998,10757.710501
three,0,4,2,175.436861,1.973289,8248.421383
three,0,2,0,151.386861,1.631691,5850.605589
three,0,3,1,170.094861,1.783269,8538.213152
three,0,4,2,170.714861,1.934063,9992.607526
three,0,3,1,169.746861,1.852715,8150.843615
three,0,3,1,183.880861,1.949463,10131.451469
three,0,3,1,174.304861,1.717108,9232.873642
three,0,3,1,165.496861,1.887162,8692.21883
three,0,3,1,189.496861,1.901882,10333.620816
three,0,3,1,179.084861,1.799662,9240.950925
three,0,3,1,174.998861,1.973073,9505.015895
three,0,3,1,200.734861,2.173116,12567.869557
three,0,2,0,168.624861,1.915023,8822.056707
three,0,3,1,195.392861,2.030346,11234.781059
three,0,3,1,170.664861,1.768602,7245.337192
three,0,3,1,187.288861,1.964888,10659.025006
three,0,2,0,169.120861,1.784182,7032.551853
three,0,4,2,182.714861,1.969353,10743.908863
three,0,3,1,186.188861,2.071301,10971.967731
three,0,4,2,171.202861,1.965113,9201.726772
three,0,3,1,181.896861,1.896552,9601.784946
three,0,3,1,175.362861,1.829675,9222.736469
three,0,3,1,193.978861,1.973269,10038.948656
three,0,3,1,167.886861,1.835163,8525.265406
three,0,3,1,192.845861,2.04019,11367.298734
three,0,3,1,175.304861,1.881265,7975.417421
three,0,3,1,198.998861,2.148005,12700.228357
three,0,2,0,157.556861,1.609052,5877.716905
three,0,4,2,177.992861,1.857116,9242.456934
three,0,4,2,203.794861,2.201386,13935.999485
three,0,3,1,174.262861,1.906291,9209.637083
three,0,4,2,163.974861,1.744595,7053.135525
three,0,3,1,176.454861,1.816388,9791.829075
three,0,2,0,181.804861,1.928816,9139.958631
three,0,4,2,211.362861,2.202276,15845.420424
three,0,3,1,176.298861,1.847037,9528.447663
three,0,3,1,193.010861,1.910728,11054.802955
three,0,2,0,182.152861,1.94912,10137.65591
three,0,4,2,152.760861,1.725102,6333.395227
three,0,4,2,174.452861,1.775794,8610.957772
three,0,4,2,192.540861,2.076777,11453.769685
three,0,3,1,188.164861,2.050672,10296.852115
three,0,3,1,153.678861,1.739656,6301.463176
three,0,3,1,203.588861,1.905927,13138.417138
three,0,3,1,158.640861,1.702437,6889.133154
three,0,3,1,209.576861,2.136112,15203.105245
three,0,3,1,178.868861,1.848637,8202.668226
three,0,3,1,184.012861,1.997981,10937.027875
three,0,3,1,180.828861,1.860175,9153.844662
three,0,3,1,206.640861,2.156019,12907.011054
three,0,2,0,180.042861,1.978465,8943.06283
three,0,4,1,177.628861,2.045658,9595.303063
three,0,3,1,170.358861,1.975145,9086.685067
three,0,3,1,186.932861,2.084446,10726.28569
three,0,3,1,188.256861,2.050145,10306.117309
three,0,3,1,178.224861,1.940895,9466.056547
three,0,3,1,198.526861,1.945078,11782.603711
three,0,3,1,180.158861,1.943223,9071.040054
three,0,4,2,194.550861,2.142774,12453.85598
three,0,3,1,171.268861,1.824797,7661.911104
three,0,3,1,153.422861,1.630011,5676.856667
three,0,4,2,163.412861,1.723964,7456.090335
three,0,3,1,193.590861,1.92002,11953.478108
three,0,2,0,155.886861,1.752001,6437.857934
three,0,4,2,169.598861,1.727509,8910.369551
three,0,3,1,198.220861,2.051398,13164.427582
three,0,3,1,187.048861,2.021979,11459.15406
three,0,4,2,185.990861,1.967668,9959.278394
three,0,3,1,206.714861,2.065559,12370.023331
three,0,3,1,174.866861,1.876565,8755.626201
three,0,4,2,184.452861,2.084666,10399.715663
three,0,3,1,180.052861,2.009299,9421.332398
three,0,4,2,182.508861,1.965699,9698.376114
three,0,3,1,156.019861,1.941303,8434.741032
three,0,3,1,193.944861,2.200793,11751.944647
three,0,3,1,161.022861,1.680057,7692.524861
three,0,3,1,183.674861,1.950035,10405.731533
three,0,3,1,200.412861,2.247081,13358.621877
three,0,2,0,183.144861,2.034276,9036.091978
three,0,3,1,170.028861,1.746755,8077.610813
three,0,3,1,185.874861,1.894529,10458.028473
three,0,4,2,163.454861,1.716028,7601.00931
three,0,2,0,179.514861,1.926444,9187.86672
three,0,4,2,179.704861,1.869869,9534.49311
three,0,4,2,180.580861,1.966552,9788.188629
three,0,2,0,172.748861,1.77001,8960.334458
three,0,2,0,169.589861,1.773084,7537.661656
four,0,3,1,167.438861,1.83302,7691.583587
four,0,2,0,155.720861,1.75292,6811.658079
four,0,2,0,159.044861,1.708009,6636.697544
four,0,3,1,152.006861,1.722116,7239.598485
four,0,3,1,157.176861,1.709134,5932.052902
four,0,2,0,157.226861,1.816765,7665.670985
four,0,3,1,169.712861,1.862126,9081.41122
four,0,3,1,166.156861,1.820357,8595.742624
four,0,3,1,156.778861,1.69228,7357.324082
four,0,3,1,159.880861,1.691441,7813.04669
four,0,3,1,171.252861,1.903663,8865.651284
four,0,3,1,157.664861,1.698118,7705.120997
four,0,3,1,176.394861,1.883446,9628.850209
four,0,3,1,146.350861,1.692512,7045.285705
four,0,2,0,158.648861,1.71372,7364.014909
four,0,3,1,148.690861,1.709547,6028.281501
four,0,3,1,153.602861,1.768963,7176.366224
four,0,2,0,144.084861,1.659349,5879.521342
four,0,2,0,153.528861,1.688388,5951.875847
four,0,3,1,156.604861,1.794585,7836.867484
four,0,3,1,149.914861,1.690256,6906.8691
four,0,2,0,168.770861,1.781736,8563.050545
four,0,3,1,158.128861,1.809066,7696.023576
four,0,3,1,179.902861,1.824159,9869.987315
four,0,3,1,153.330861,1.724643,7442.692123
four,0,3,1,156.564861,1.593708,7486.876656
four,0,3,1,163.014861,1.893199,8200.816662
four,0,3,1,152.866861,1.795232,6631.015593
four,0,3,1,154.150861,1.807181,7312.855404
four,0,3,1,179.240861,1.959273,10298.700771
four,0,2,0,162.394861,1.750339,7507.13
four,0,3,1,157.176861,1.759531,7474.798022
four,0,2,0,156.994861,1.713532,6757.236552
four,0,2,0,153.280861,1.706536,7560.467361
four,0,3,1,165.172861,1.796082,8123.28509
four,0,3,1,152.164861,1.777768,8090.030824
four,0,3,1,161.344861,1.720288,7030.037441
four,0,3,1,165.892861,1.74283,8894.771329
four,0,3,1,140.312861,1.522366,5668.756007
four,0,3,1,154.786861,1.77229,6892.643238
four,0,2,0,163.296861,1.880604,7781.640151
four,0,3,1,162.162861,1.703644,8031.623245
four,0,3,1,158.912861,1.740994,7359.527506
four,0,4,2,175.346861,1.958316,9890.350184
four,0,4,2,156.018861,1.670677,7963.756281
four,0,3,1,153.056861,1.626123,6476.269171
four,0,2,0,145.937861,1.715346,5492.611957
four,0,3,1,151.882861,1.698929,6699.969838
four,0,3,1,179.804861,1.878593,9914.706216
four,0,2,0,149.128861,1.672072,6858.852431
four,0,3,1,162.494861,1.726395,8058.97658
four,0,3,1,171.789861,1.932268,8982.256415
four,0,3,1,141.148861,1.567807,6003.005261
four,0,3,1,160.600861,1.85731,7466.42023
four,0,3,1,155.934861,1.680711,7086.939401
four,0,3,1,153.528861,1.766639,7098.600319
four,0,2,0,158.416861,1.747461,7458.459002
four,0,2,0,157.250861,1.660118,6977.897734
four,0,3,1,174.278861,1.984064,9116.313954
four,1,3,3,146.863861,1.549377,4952.085367
four,0,4,2,168.414861,1.86489,9126.645095
four,0,3,1,168.894861,1.901217,9983.232343
four,0,3,1,164.288861,1.822011,7826.249356
four,0,3,1,170.250861,1.820454,9238.215049
four,0,3,0,147.060861,1.407286,4731.513333
four,0,3,1,150.088861,1.722761,6256.096894
four,0,2,0,155.786861,1.652784,6634.185623
four,0,3,1,167.802861,1.858113,8587.880461
four,0,3,1,157.052861,1.711605,6720.015256
four,0,3,1,174.346861,1.827847,9602.322663
four,0,3,1,159.152861,1.807453,9255.027412
four,0,3,1,152.238861,1.67293,6403.842055
four,0,4,2,164.214861,1.824012,7819.851763
four,0,3,1,177.371861,1.952078,10193.536265
four,0,3,1,168.960861,1.833192,9456.09772
four,0,2,0,154.918861,1.776731,6394.658383
four,0,4,2,169.606861,1.986664,9267.358036
four,0,3,1,151.196861,1.675523,6378.675113
four,0,3,1,155.952861,1.78859,7817.275996
four,0,2,0,150.906861,1.735025,6092.586056
four,0,2,0,152.654861,1.723905,5971.706517
four,0,3,1,177.908861,1.962473,9006.607064
four,0,3,1,175.427861,1.94856,9886.84838
four,0,2,0,146.268861,1.594078,5163.62161
four,0,5,1,99.508861,1.549958,3579.871402
five,0,2,0,166.490861,1.633175,6421.121349
five,0,3,1,201.736861,2.123822,13774.170852
five,0,2,0,179.448861,1.857126,11172.939007
five,0,2,0,177.330861,1.838923,9223.048676
five,0,2,0,194.822861,1.932238,11839.829899
five,0,3,1,201.016861,2.10455,13094.210522
five,0,2,0,208.368861,2.165181,14598.332551
five,0,2,0,201.206861,2.119719,12258.619978
five,0,3,1,192.084861,2.133577,11188.267438
five,0,3,1,179.636861,1.817942,10675.409512
five,0,3,1,205.183861,2.357109,12791.59489
five,0,3,1,216.761861,2.087538,14591.280728
five,0,3,1,189.802861,1.914672,12044.224612
five,0,3,1,180.548861,1.814374,10620.2555
five,0,2,0,188.114861,1.833142,11088.037139
five,0,2,0,180.225861,1.946794,11082.962327
five,0,3,1,183.814861,1.831001,11323.383923
five,0,2,0,194.508861,1.999572,11990.3379
five,0,3,1,179.430861,1.921377,11732.825088
five,0,3,1,171.012861,1.948469,9400.383843
five,0,3,1,193.820861,1.909364,11318.949009
five,0,3,1,191.142861,2.039457,13029.405324
five,0,3,1,211.800861,2.098033,13733.636847
five,0,3,1,221.658861,2.182271,16295.564274
five,0,2,0,186.468861,2.014231,10513.021716
five,0,2,0,175.874861,1.99413,9390.633908
five,0,3,1,212.470861,2.190048,14876.745098
five,0,2,0,192.556861,1.921678,11324.820932
five,0,3,1,216.596861,2.145541,15700.488198
five,0,2,0,201.503861,2.035313,12698.626041
five,0,3,1,195.954861,2.076003,12586.802822
five,0,3,1,213.370861,2.199324,14820.644607
five,0,3,1,175.734861,1.902471,9847.824736
five,0,3,1,205.332861,2.136534,14118.850411
five,0,2,0,197.508861,2.02104,12127.813835
five,0,3,1,206.366861,1.994414,13477.732887
five,0,3,1,217.622861,2.084923,15740.519374
five,0,3,1,198.022861,1.94014,12364.965945
five,0,3,1,194.474861,2.001882,12748.978611
five,0,3,1,206.010861,2.145049,13672.784803
five,0,2,0,181.084861,1.846913,9637.593888
five,0,2,0,199.998861,1.970224,11900.516244
five,0,2,0,197.212861,2.104223,12509.460196
five,0,3,1,201.734861,2.009504,13699.032164
five,0,2,0,187.378861,2.087789,10873.179026
five,0,2,0,216.886861,2.153731,15639.270447
five,0,2,0,178.538861,1.864088,10124.72744
five,0,3,1,200.628861,2.00853,13305.85371
five,0,3,1,208.069861,2.102982,14814.883338
five,0,2,0,195.020861,1.940207,12147.484135
five,0,2,0,196.046861,1.989139,12145.220115
five,0,3,1,209.112861,2.031711,14793.934887
five,0,3,1,190.074861,1.938604,11141.537354
five,0,2,0,179.076861,1.806472,10529.917055
five,0,3,1,196.401861,2.019032,12940.920329
five,0,2,0,203.480861,1.969993,13239.52595
five,0,3,1,183.830861,1.85919,10150.083813
five,0,3,1,218.962861,2.305172,16695.467792
five,0,3,1,189.801861,1.763316,11438.778214
five,0,3,1,213.644861,2.193381,15399.360539
five,0,3,1,197.610861,2.247855,13660.703386
five,0,3,1,198.908861,2.011682,13538.297111
five,0,2,0,184.360861,1.914413,9131.487764
five,0,3,1,222.618861,2.251476,14513.159302
five,0,2,0,189.950861,2.153729,11182.276632
five,0,3,1,204.416861,2.033685,14748.108141
five,0,3,1,193.664861,1.904347,13225.580607
five,0,3,1,217.290861,2.131492,17242.285328
five,0,3,1,191.159861,1.98636,12188.133665
five,0,2,0,195.185861,2.015923,12302.188377
five,0,2,0,181.192861,1.887923,9893.580911
five,0,2,0,184.914861,1.93597,11989.411591
five,0,2,0,186.278861,1.763405,10085.426426
five,0,2,0,159.633861,1.781434,6340.380787
five,0,3,1,185.608861,1.835192,11030.049517
five,0,3,1,195.466861,1.945855,12046.504968
five,0,2,0,189.470861,2.162305,10536.854736
five,0,3,1,165.785861,1.814924,9300.109131
five,0,2,0,186.188861,2.119652,11926.498601
five,0,3,1,169.855861,1.952888,9872.10531
five,0,3,1,219.392861,2.214583,14739.107796
five,0,2,0,177.718861,1.824547,9479.155257
five,0,2,0,191.670861,2.08422,10765.335704
five,0,3,1,210.468861,2.025752,15197.649236
five,0,3,1,215.314861,2.161004,15196.92999
five,0,2,0,169.606861,1.716437,9130.225747
five,0,3,1,187.776861,1.804195,10927.117573
five,0,3,1,199.388861,2.22508,14037.38861
five,0,2,0,191.174861,2.068099,11354.159906
five,0,3,1,196.194861,2.066917,12622.763461
five,0,2,0,179.488861,1.773592,10886.358367
five,0,3,1,206.954861,2.066661,13778.037704
five,0,3,1,176.238861,2.031343,9681.489502
five,0,3,1,201.032861,2.117886,12879.367967
five,0,3,1,201.934861,1.940228,12500.566867
five,0,2,0,202.926861,1.965788,13519.38882
five,0,2,0,193.416861,1.993648,12062.670463
five,0,3,1,191.894861,1.871094,11377.510308
six,1,1,1,167.272861,1.592477,5751.337094
six,1,1,1,133.126861,1.336972,2968.131873
six,1,1,1,138.906861,1.381086,3649.431492
six,1,1,1,137.220861,1.509045,3737.864996
six,1,1,1,136.690861,1.469011,3634.575642
six,1,1,1,140.594861,1.548505,3612.776887
six,1,1,1,142.992861,1.440626,4567.220105
six,1,1,1,141.810861,1.490865,3927.745016
six,1,1,1,130.703861,1.344543,3161.165244
six,1,1,1,135.732861,1.339581,3411.370174
six,1,1,1,139.214861,1.615425,4018.886646
six,1,1,1,133.820861,1.400076,3309.147418
six,1,1,1,130.702861,1.383729,3153.25485
six,1,1,1,171.996861,1.786024,6515.445589
six,1,1,1,136.988861,1.412959,3650.416823
six,1,1,1,137.872861,1.329343,3504.253132
six,1,1,1,157.770861,1.501162,5613.315099
six,1,1,1,140.264861,1.510713,4096.720409
six,1,1,1,131.290861,1.241465,2419.457886
six,1,1,1,136.096861,1.438809,3489.152834
six,1,1,1,143.332861,1.556284,4119.686803
six,1,1,1,144.994861,1.584932,4479.01039
six,1,1,1,131.504861,1.514472,3631.004541
six,1,1,1,131.604861,1.500691,3172.705144
six,1,1,1,129.826861,1.352719,2943.229821
six,1,1,1,134.498861,1.447556,3773.011581
six,1,1,1,141.346861,1.401002,3372.372194
six,1,1,1,136.938861,1.45077,3536.37416
six,1,1,1,144.712861,1.469243,4203.445812
six,1,1,1,129.628861,1.373326,2862.955699
six,1,1,1,157.680861,1.496903,5409.010126
six,1,1,1,161.202861,1.669421,5656.882778
six,1,1,1,141.528861,1.53556,3979.06929
six,1,1,1,132.432861,1.47328,3333.168392
six,1,1,1,133.216861,1.508025,3542.638111
six,1,1,1,144.564861,1.368521,4335.968751
six,1,1,1,142.016861,1.478723,4026.338356
six,1,1,1,159.516861,1.508366,5529.822439
six,1,1,1,136.020861,1.390027,3244.831236
six,1,1,1,154.222861,1.54201,4594.759907
six,1,1,1,138.460861,1.411262,3502.29951
six,1,1,1,133.780861,1.445097,3121.224259
six,1,1,1,138.261861,1.469979,3464.45338
six,1,1,1,166.546861,1.848482,6782.349521
six,1,1,1,140.072861,1.389232,3528.483327
six,1,1,1,147.582861,1.600061,4292.745345
six,1,1,1,133.920861,1.564621,3808.021317
six,1,1,1,133.862861,1.420187,3675.347469
six,1,1,1,137.022861,1.346556,3593.774748
six,1,1,1,130.380861,1.486734,3279.727211
six,1,1,1,133.920861,1.564621,3808.021317
six,1,1,1,152.528861,1.462137,4580.154276
six,1,1,1,150.874861,1.702441,4716.158306
six,1,1,1,148.162861,1.623221,4515.299677
six,1,1,1,169.530861,1.628884,6107.114766
six,1,1,1,134.632861,1.509539,3598.942779
six,1,1,1,171.326861,1.61913,6641.598612
six,1,2,2,149.890861,1.65977,4528.578862
six,1,1,1,138.650861,1.451608,3776.501007
six,1,1,1,171.946861,1.766459,6143.414859
six,1,1,1,145.880861,1.631792,4727.127674
six,1,1,1,142.720861,1.598961,4312.91426
six,1,1,1,139.386861,1.457308,3729.174202
six,1,1,1,151.162861,1.542743,4900.632511
six,1,1,1,135.838861,1.380937,3486.654776
six,1,1,1,141.982861,1.501036,3979.9499
six,1,1,1,138.558861,1.482644,3905.883497
six,1,1,1,152.288861,1.626056,5557.811709
six,1,1,1,134.210861,1.3063,3064.863624
six,1,1,1,135.648861,1.462062,3736.662912
six,1,1,1,134.970861,1.428913,3370.497447
six,1,1,1,137.344861,1.547297,4140.009071
six,1,1,1,161.500861,1.573794,5848.755866
six,1,1,1,136.740861,1.369799,3674.613336
six,1,1,1,134.110861,1.387921,3158.131629
six,1,1,1,138.898861,1.395824,3744.705281
six,1,1,1,137.376861,1.478531,3882.010465
six,1,1,1,155.008861,1.653914,5159.228493
six,1,1,1,146.002861,1.667599,4613.043155
six,1,1,1,142.041861,1.518822,4052.288104
six,0,2,0,138.732861,1.397708,3486.447016
six,1,1,1,133.382861,1.534821,3755.549532
six,0,3,1,182.069861,1.91811,9708.534719
six,1,1,1,136.872861,1.418415,3703.130347
six,1,1,1,139.618861,1.385586,3607.862021
six,1,1,1,167.182861,1.642946,5841.681693
six,1,1,1,140.188861,1.490467,3541.766622
six,1,1,1,144.142861,1.510147,4200.747655
six,1,1,1,127.080861,1.325012,2986.684377
six,1,1,1,131.556861,1.430543,3499.257465
six,1,1,1,162.552861,1.710115,5769.388313
six,1,1,1,143.298861,1.432786,4600.991649
six,1,1,1,156.952861,1.685543,5663.024169
six,1,1,1,130.214861,1.317787,2707.995327
six,1,1,1,134.796861,1.340223,3433.305405
six,1,1,1,141.974861,1.468318,3893.038859
six,1,1,1,141.164861,1.452154,3939.097143
six,1,1,1,131.000861,1.502421,3353.847736
six,1,1,1,131.894861,1.529192,3291.400747
six,1,1,1,161.782861,1.629932,5845.270941
six,1,1,1,138.724861,1.516395,3861.449762
six,1,1,1,140.403861,1.630603,3943.380566
six,1,1,1,128.180861,1.303085,2349.582604
six,1,1,1,135.168861,1.543856,3889.058587
six,1,1,1,146.490861,1.441351,3786.027658
six,1,1,1,135.186861,1.35766,3049.169759
six,1,1,1,155.670861,1.470347,5679.536968
six,1,1,1,144.804861,1.536273,4127.367857
six,1,1,1,146.102861,1.51714,4197.467961
seven,0,2,0,153.404861,1.728226,5576.294043
seven,0,2,0,154.578861,1.735923,5632.260445
seven,0,2,0,164.990861,1.839776,7325.332902
seven,0,2,0,154.992861,1.728291,5654.590735
seven,0,2,0,143.156861,1.64048,4602.78002
seven,0,2,0,184.598861,1.9221,7624.827763
seven,0,2,0,176.684861,1.993675,8019.092088
seven,0,2,0,150.244861,1.83239,5601.368331
seven,0,2,0,160.186861,1.689931,5803.083754
seven,0,2,0,153.652861,1.662192,5307.170667
seven,0,3,1,149.352861,1.746414,5238.074186
seven,0,2,0,146.184861,1.628803,4934.952439
seven,0,2,0,158.738861,1.737778,6341.384316
seven,0,2,0,164.014861,1.71362,6765.264567
seven,0,2,0,150.534861,1.603885,5077.808816
seven,0,2,0,150.700861,1.666174,5275.072765
seven,0,2,0,165.818861,1.749347,7206.800154
seven,0,2,0,151.600861,1.777287,5366.174052
seven,0,2,0,164.386861,1.865383,6616.864859
seven,0,2,0,175.700861,1.893754,7733.443267
seven,0,2,0,158.036861,1.679032,6097.384825
seven,0,2,0,167.802861,1.908784,6848.912428
seven,0,2,0,136.212861,1.566084,3804.180776
seven,0,2,0,155.810861,1.765212,5783.671312
seven,0,3,1,161.518861,1.764231,6808.958115
seven,0,2,0,151.700861,1.72422,5305.917686
seven,0,2,0,157.216861,1.7083,5667.700234
seven,0,2,0,154.818861,1.687258,5429.365208
seven,0,2,0,151.998861,1.621798,5346.720564
seven,0,2,0,149.070861,1.691584,5162.241482
seven,0,2,0,151.072861,1.711535,5379.308241
seven,0,2,0,159.962861,1.872088,6483.969784
seven,0,2,0,147.268861,1.62698,4890.223053
seven,0,2,0,151.634861,1.634364,5188.516297
seven,0,2,0,164.692861,1.790863,7149.216992
seven,0,2,0,158.018861,1.694537,6276.701355
seven,0,2,0,141.908861,1.630219,4761.696756
seven,0,2,0,167.918861,1.819197,7143.929038
seven,0,2,0,149.682861,1.642353,5062.765658
seven,0,2,0,155.050861,1.709026,5522.524233
seven,0,2,0,148.756861,1.708887,5074.981024
seven,0,2,0,170.870861,1.895008,7771.979905
seven,0,2,0,154.264861,1.700362,5804.513685
seven,0,2,0,175.890861,1.964391,7440.402551
seven,0,2,0,144.654861,1.652202,5119.477231
seven,0,2,0,153.056861,1.799023,6496.403962
seven,0,2,0,145.448861,1.654504,5280.832954
seven,0,2,0,159.012861,1.717652,5416.057025
seven,0,2,0,144.398861,1.685592,5173.811508
seven,0,2,0,148.996861,1.478654,4450.292723
seven,0,3,1,151.386861,1.755183,5791.839752
seven,0,3,1,157.266861,1.824898,6479.274489
seven,0,2,0,154.744861,1.817286,6011.443644
seven,0,2,0,173.450861,2.029941,8111.686893
seven,0,2,0,167.190861,1.78902,7505.717974
seven,0,2,0,172.102861,1.879837,7773.638677
seven,0,2,0,150.964861,1.711692,5378.153104
seven,0,2,0,184.722861,2.028354,8516.526479
seven,0,2,0,150.558861,1.768127,5307.033963
seven,0,2,0,169.588861,1.803043,7834.897663
seven,0,2,0,162.898861,1.849995,6739.807393
seven,0,2,0,145.928861,1.564888,4618.575608
seven,0,2,0,150.782861,1.749659,5262.351145
seven,0,2,0,142.090861,1.63912,4859.757671
seven,0,2,0,160.102861,1.708266,5459.909319
seven,0,3,1,163.560861,1.790566,6611.494089
seven,0,2,0,159.168861,1.804712,6686.468148
seven,0,2,0,164.255861,1.729234,5534.869802
seven,0,2,0,156.820861,1.780969,5914.955645
seven,0,2,0,145.704861,1.556871,4794.74799
seven,0,2,0,151.692861,1.739733,5907.466223
seven,0,2,0,149.566861,1.647322,5125.744353
seven,0,2,0,156.414861,1.872952,6110.753781
seven,0,2,0,172.814861,1.838648,7520.915095
seven,0,2,0,148.028861,1.650637,5120.638273
seven,0,2,0,152.180861,1.873594,6067.469846
seven,0,2,0,149.054861,1.675216,5008.420685
seven,0,2,0,171.788861,1.968583,7881.51558
seven,0,2,0,171.276861,1.892213,7905.111696
seven,0,2,0,154.818861,1.702574,5592.53361
seven,0,2,0,164.552861,1.753241,6549.033872
seven,0,2,0,167.488861,1.897515,7774.274672
seven,0,2,0,173.442861,1.874899,7663.136511
seven,0,2,0,152.122861,1.605981,5428.167873
seven,0,2,0,181.216861,1.969082,8213.626702
seven,0,3,0,151.138861,1.776479,5758.678756
seven,0,2,0,154.016861,1.648052,5139.937308
seven,0,2,0,148.458861,1.708299,5631.359601
seven,0,2,0,148.988861,1.727381,5284.601928
seven,0,2,0,164.668861,1.786624,6406.445856
seven,0,2,0,153.842861,1.817754,5702.682759
seven,0,2,0,168.646861,1.781675,6602.766567
seven,0,2,0,169.258861,1.934808,7679.001231
seven,0,2,0,151.204861,1.634509,5107.93271
seven,0,2,0,156.150861,1.815022,5879.715664
seven,0,2,0,151.948861,1.70369,5481.279909
seven,0,2,0,148.880861,1.716013,5248.51333
seven,0,3,1,158.374861,1.772942,6822.504922
seven,0,2,0,164.288861,1.759233,7185.352359
seven,0,2,0,165.494861,1.882531,7756.242588
seven,0,2,0,149.270861,1.600726,5011.899493
seven,0,2,0,153.528861,1.698746,5613.870729
seven,0,2,0,139.510861,1.622985,4802.081171
seven,0,3,1,166.504861,1.748048,7388.362408
seven,0,2,0,176.800861,1.837155,7854.619245
eight,2,0,2,139.352861,1.329705,2039.979949
eight,2,0,2,128.668861,1.192144,1902.619483
eight,2,0,2,131.472861,1.239017,1861.615988
eight,2,0,2,134.224861,1.402375,2234.114623
eight,2,0,2,125.956861,1.286337,1810.839013
eight,2,0,2,140.552861,1.313638,2327.407319
eight,2,0,2,132.951861,1.355997,2153.698582
eight,2,0,2,131.148861,1.345546,2211.306863
eight,2,0,2,130.430861,1.268754,1916.95008
eight,2,0,2,137.243861,1.352839,2252.597869
eight,2,0,2,133.084861,1.329825,1885.387383
eight,2,0,2,126.980861,1.280943,1651.017993
eight,2,0,2,132.034861,1.299906,1753.743028
eight,2,0,2,125.368861,1.263068,2031.281448
eight,2,0,2,128.924861,1.329784,1922.10832
eight,2,0,2,125.856861,1.232347,1721.659503
eight,2,0,2,127.990861,1.193613,1837.066641
eight,2,1,3,128.668861,1.269088,1728.209448
eight,2,0,2,123.937861,1.239982,1710.51752
eight,2,0,2,126.650861,1.301121,1923.825353
eight,2,0,2,126.063861,1.279903,1997.840212
eight,2,0,2,128.528861,1.260791,2036.148964
eight,2,0,2,134.432861,1.31316,2298.117079
eight,2,0,2,131.256861,1.256051,1709.866945
eight,2,0,2,133.208861,1.340346,2283.56162
eight,2,0,2,122.523861,1.209959,1654.651707
eight,2,0,2,132.994861,1.308561,2065.998751
eight,2,0,2,131.892861,1.280693,1846.363407
eight,2,0,2,125.392861,1.223389,1671.228645
eight,1,1,1,204.348861,2.035542,8672.428438
eight,2,0,2,139.816861,1.462808,2377.896613
eight,2,0,2,140.419861,1.347618,2450.191202
eight,2,0,2,132.422861,1.284319,1909.576262
eight,2,0,2,133.878861,1.263102,2044.167616
eight,2,0,2,138.634861,1.363225,2542.039593
eight,2,0,2,132.720861,1.266422,1747.685781
eight,2,0,2,130.726861,1.236132,1855.233811
eight,2,0,2,129.404861,1.330296,2059.806534
eight,2,0,2,130.512861,1.235498,1776.552172
eight,2,0,2,126.493861,1.276847,1847.042501
eight,2,0,2,127.634861,1.256588,2098.88005
eight,2,0,2,130.892861,1.334125,1668.25292
eight,2,0,2,130.884861,1.362814,2055.450086
eight,1,1,1,122.978861,1.14313,1721.758291
eight,2,0,2,128.973861,1.339271,1957.849352
eight,2,0,2,123.938861,1.280927,1828.756603
eight,2,0,2,140.569861,1.402859,2524.030891
eight,2,0,2,133.316861,1.380633,2400.049867
eight,2,0,2,125.774861,1.279457,1791.271365
eight,2,0,2,132.273861,1.291296,2050.732829
eight,2,0,2,128.254861,1.328211,1889.027063
eight,2,0,2,125.831861,1.254208,1852.241551
eight,2,0,2,138.212861,1.334181,2691.372088
eight,2,0,2,130.082861,1.231427,1876.733282
eight,2,0,2,125.592861,1.280105,2104.69712
eight,2,0,2,131.670861,1.373808,1992.527073
eight,2,0,2,134.307861,1.358334,2068.635969
eight,1,1,1,180.796861,1.930449,8700.297025
eight,2,0,2,130.966861,1.328822,1835.493177
eight,2,0,2,125.600861,1.225419,1749.440546
eight,2,0,2,134.431861,1.296923,2001.014145
eight,2,0,2,131.752861,1.285441,1788.366626
eight,2,0,2,136.706861,1.298527,2043.126189
eight,2,0,2,129.594861,1.34572,1765.41119
eight,2,0,2,133.060861,1.342277,2114.702755
eight,2,0,2,142.478861,1.445625,2618.490293
eight,2,0,2,129.032861,1.339884,1740.098977
eight,2,0,2,130.198861,1.238115,1786.454317
eight,2,0,2,137.938861,1.252616,2444.598327
eight,2,0,2,128.370861,1.327624,1816.484394
eight,2,0,2,149.782861,1.438308,3298.129044
eight,2,0,2,131.934861,1.295769,2035.777483
eight,2,0,2,136.732861,1.286436,2217.582095
eight,2,0,2,130.578861,1.223107,1619.730951
eight,1,1,1,190.538861,1.877032,8102.434476
eight,2,0,2,135.283861,1.406702,2188.462527
eight,2,0,2,139.130861,1.339128,2498.09638
eight,2,0,2,126.858861,1.400423,2670.501968
eight,2,0,2,135.772861,1.322291,2157.832651
eight,2,0,2,136.747861,1.363863,2222.478423
eight,2,0,2,137.426861,1.339198,2618.793923
eight,2,0,2,135.516861,1.322164,1963.822806
eight,2,0,2,129.520861,1.207222,2127.84117
eight,2,0,2,129.438861,1.280603,1817.131759
eight,2,0,2,136.276861,1.398158,2337.219067
eight,2,0,2,134.350861,1.334959,1932.024219
eight,2,0,2,131.778861,1.272818,2035.183902
eight,2,0,2,137.054861,1.366071,2099.035964
eight,2,0,2,133.250861,1.35025,2140.450321
eight,2,0,2,130.578861,1.308071,1888.410905
eight,2,0,2,136.954861,1.29357,2256.301916
eight,2,0,2,135.582861,1.355637,2055.996931
eight,2,0,2,133.474861,1.241368,2036.58768
eight,2,0,2,135.524861,1.258384,1997.329911
eight,2,0,2,128.958861,1.219414,1778.346774
nine,0,2,0,177.752861,1.948869,9450.666318
nine,1,1,1,123.236861,1.400701,2867.356515
nine,1,1,1,145.862861,1.367023,4350.236175
nine,1,1,1,144.804861,1.536273,4127.367857
nine,1,1,1,141.974861,1.468318,3893.038859
nine,1,1,1,129.826861,1.352719,2943.229821
nine,1,1,1,130.702861,1.442858,3076.358131
nine,1,1,1,143.736861,1.373109,3940.943157
nine,0,3,1,186.312861,1.950606,11687.239766
nine,1,1,1,128.469861,1.404298,3095.057527
nine,1,1,1,136.790861,1.384336,3384.28946
nine,1,1,1,138.906861,1.381086,3649.431492
nine,0,2,0,195.864861,2.062003,8714.098781
nine,1,1,1,138.700861,1.477798,3694.513743
nine,1,1,1,134.780861,1.424896,3456.046833
nine,1,1,1,154.222861,1.54201,4594.759907
nine,1,1,1,162.286861,1.573958,5573.324353
nine,1,1,1,140.512861,1.516704,3837.232096
nine,1,1,1,152.528861,1.462137,4580.154276
nine,1,1,1,133.564861,1.349087,3301.989829
nine,1,1,1,143.298861,1.432786,4600.991649
nine,1,1,1,138.576861,1.442905,3575.016364
nine,1,1,1,135.168861,1.538819,3747.219262
nine,1,1,1,134.632861,1.509539,3598.942779
nine,1,1,1,136.888861,1.410044,3564.512916
nine,1,1,1,139.850861,1.535636,4077.83686
nine,1,1,1,135.722861,1.48025,3505.5015
nine,1,1,1,159.358861,1.615849,5586.482263
nine,1,1,1,130.380861,1.486734,3279.727211
nine,1,1,1,134.688861,1.338318,3260.97243
nine,1,2,2,159.598861,1.608955,5502.827209
nine,1,1,1,130.042861,1.364308,2948.697092
nine,1,1,1,128.354861,1.331942,2880.566016
nine,1,1,1,142.992861,1.440626,4567.220105
nine,1,1,1,128.230861,1.30956,2741.03901
nine,1,1,1,137.046861,1.442786,3381.939491
nine,1,1,1,138.270861,1.497997,4050.590448
nine,1,1,1,128.594861,1.283351,2595.600228
nine,1,1,1,132.472861,1.419565,3442.718957
nine,1,1,1,140.610861,1.547502,4022.354174
nine,1,1,1,138.261861,1.469979,3464.45338
nine,1,1,1,142.992861,1.521359,4346.464588
nine,1,1,1,136.938861,1.45077,3536.37416
nine,1,1,1,164.800861,1.583437,5914.604864
nine,1,1,1,144.994861,1.584932,4479.01039
nine,1,1,1,127.230861,1.417616,2834.117472
nine,1,1,1,130.926861,1.237328,2435.214416
nine,1,1,1,150.360861,1.503396,4641.723604
nine,1,1,1,138.782861,1.456001,3590.409352
nine,1,1,1,138.558861,1.482644,3905.883497
nine,1,1,1,148.450861,1.623929,4380.418535
nine,1,1,1,152.404861,1.620345,5243.267754
nine,1,1,1,140.264861,1.510713,4096.720409
nine,1,1,1,130.852861,1.430346,3260.08949
nine,1,1,1,150.592861,1.494493,5004.589369
nine,1,1,1,134.598861,1.521221,3870.753021
nine,1,1,1,142.926861,1.426381,4118.32732
nine,1,1,1,138.178861,1.429059,3696.041719
nine,1,1,1,134.672861,1.541987,3766.763222
nine,1,1,1,135.326861,1.375732,2986.026595
nine,1,1,1,140.494861,1.446224,3752.246386
nine,1,1,1,135.044861,1.339365,3242.808674
nine,1,1,1,144.514861,1.565643,3954.637728
nine,1,1,1,134.970861,1.428913,3370.497447
nine,1,1,1,132.158861,1.51445,3409.961788
nine,1,1,1,133.862861,1.420187,3675.347469
nine,1,1,1,161.202861,1.669421,5656.882778
nine,1,1,1,146.350861,1.563774,4257.202425
nine,1,1,1,139.214861,1.615425,4018.886646
nine,1,1,1,131.686861,1.473021,3127.842539
nine,1,1,1,140.214861,1.389782,3632.041577
nine,1,1,1,161.782861,1.629932,5845.270941
nine,1,1,1,134.374861,1.414656,3335.647878
nine,1,1,1,137.022861,1.346556,3593.774748
nine,1,1,1,133.820861,1.400076,3309.147418
nine,1,1,1,162.790861,1.705517,5963.337205
nine,1,1,1,139.096861,1.450297,3412.500862
nine,1,1,1,153.082861,1.549213,5036.120711
nine,1,1,1,138.716861,1.39488,3507.900758
nine,1,1,1,128.180861,1.303085,2349.582604
nine,1,1,1,131.778861,1.421388,3017.269037
nine,1,1,1,131.886861,1.367668,3046.965225
nine,1,1,1,138.650861,1.420637,3690.079426
nine,1,1,1,129.306861,1.377709,2787.453038
nine,1,1,1,138.724861,1.516395,3861.449762
nine,1,1,1,136.988861,1.412959,3650.416823
nine,1,1,1,141.528861,1.53556,3979.06929
nine,1,1,1,141.346861,1.401002,3372.372194
nine,1,1,1,132.960861,1.419682,3583.983013
nine,1,1,1,148.128861,1.684989,4755.585078
nine,1,1,1,139.882861,1.475729,3902.319985
nine,1,1,1,134.928861,1.321973,3476.298443
nine,1,1,1,132.522861,1.489415,3423.617981
nine,1,1,1,131.596861,1.338682,3078.477817
