@relation test

@attribute class {zero,one,two,three,four,five,six,seven,eight,nine}
@attribute mor_0 numeric
@attribute mor_1 numeric
@attribute mor_2 numeric
@attribute mor_3 numeric
@attribute mor_4 numeric
@attribute mor_6 numeric

@data
zero,1,0,0,123.268861,1.175559,1647.619186
zero,1,0,0,131.868861,1.299064,1677.247402
zero,1,0,0,130.512861,1.34887,1608.475743
zero,1,0,0,127.923861,1.327469,1560.581747
zero,1,0,0,131.620861,1.253776,1853.712744
zero,1,0,0,130.519861,1.368366,1861.505678
zero,1,0,0,134.266861,1.271035,1794.42567
zero,1,0,0,132.414861,1.31166,1836.507388
zero,1,0,0,129.362861,1.217773,1597.345025
zero,1,0,0,133.282861,1.291134,1777.046545
zero,1,0,0,135.862861,1.340864,1733.270959
zero,1,0,0,131.372861,1.358671,1638.356526
zero,1,0,0,133.076861,1.263331,1767.44919
zero,1,0,0,131.058861,1.310403,2027.211367
zero,1,0,0,132.422861,1.236974,1655.205001
zero,1,0,0,134.820861,1.276998,1897.196661
zero,1,0,0,126.882861,1.22769,1707.518308
zero,1,0,0,135.978861,1.303489,1853.991544
zero,1,0,0,125.442861,1.298215,1591.472529
zero,1,0,0,128.916861,1.219017,1648.696015
zero,1,0,0,128.799861,1.213826,1650.613831
zero,1,0,0,134.490861,1.295977,1728.132575
zero,1,0,0,128.304861,1.245116,1543.955581
zero,1,0,0,126.394861,1.26536,1803.287201
zero,1,0,0,132.628861,1.374434,1884.680458
zero,1,0,0,129.048861,1.339143,1605.035208
zero,1,0,0,134.936861,1.264624,1611.208565
zero,1,0,0,131.488861,1.241247,1614.934225
zero,1,0,0,124.020861,1.221007,1454.976293
zero,1,0,0,129.403861,1.310423,1731.031579
zero,1,0,0,126.782861,1.257423,1604.499945
zero,1,0,0,128.924861,1.201011,1605.448565
zero,1,0,0,130.322861,1.258018,1679.91193
zero,1,0,0,133.298861,1.354236,1880.481171
zero,1,0,0,127.138861,1.1922,1613.15094
zero,1,0,0,135.060861,1.252043,1652.290596
zero,1,0,0,125.170861,1.180945,1541.397831
zero,1,0,0,138.442861,1.379906,1918.750472
zero,1,0,0,125.136861,1.298548,1622.168475
zero,1,0,0,132.596861,1.374103,1632.047281
zero,1,0,0,130.694861,1.343557,1685.056222
zero,1,0,0,134.258861,1.305215,1675.549245
zero,1,0,0,139.542861,1.374661,1871.055934
zero,1,0,0,131.802861,1.30883,1766.959705
zero,1,0,0,136.110861,1.272122,1819.020085
zero,1,0,0,127.758861,1.362188,1549.720967
zero,1,0,0,129.552861,1.320467,1764.701054
zero,1,0,0,131.322861,1.262507,1662.386954
zero,1,0,0,129.346861,1.210899,1635.044099
zero,1,0,0,134.506861,1.362977,1745.600125
zero,1,0,0,131.487861,1.367231,1914.107054
zero,1,0,0,121.656861,1.318004,1720.433994
zero,1,0,0,127.262861,1.329637,1647.720235
zero,1,0,0,125.310861,1.283107,1573.404626
zero,1,0,0,136.978861,1.30855,1963.711458
zero,1,0,0,130.089861,1.332919,1734.783871
zero,1,0,0,128.502861,1.338924,1715.132468
zero,1,0,0,132.794861,1.300281,1549.259053
zero,1,0,0,133.382861,1.272739,1567.084426
zero,1,0,0,136.640861,1.302338,1759.938914
zero,1,0,0,128.667861,1.272193,1640.830426
zero,1,0,0,136.086861,1.495439,1717.339068
zero,1,0,0,129.098861,1.276454,1664.239391
zero,1,0,0,128.800861,1.283,1566.947169
zero,1,0,0,132.678861,1.326601,1617.683221
zero,1,0,0,133.464861,1.247392,1628.799461
zero,1,0,0,136.912861,1.412175,2092.472544
zero,1,0,0,130.660861,1.359555,1859.826849
zero,1,0,0,131.794861,1.22375,1713.431751
zero,1,0,0,134.746861,1.322585,1753.236205
zero,1,0,0,134.324861,1.301996,1785.058233
zero,1,0,0,132.124861,1.391938,1653.62841
zero,1,0,0,131.536861,1.355819,1831.15225
zero,1,0,0,132.612861,1.274169,1740.207854
zero,1,0,0,131.620861,1.278052,1881.470567
zero,1,0,0,122.300861,1.258939,1669.417735
zero,1,0,0,123.945861,1.239283,1634.678494
zero,1,0,0,134.010861,1.270042,1758.968752
zero,1,0,0,131.562861,1.263348,1544.092522
zero,1,0,0,125.070861,1.273953,1558.653074
zero,1,0,0,128.469861,1.304331,1668.804985
zero,1,0,0,127.129861,1.270321,1739.283124
zero,1,0,0,126.774861,1.342144,1730.012685
zero,1,0,0,127.882861,1.327942,1631.551109
zero,1,0,0,134.390861,1.279433,1651.891693
zero,1,0,0,132.472861,1.327882,1731.645587
zero,1,0,0,136.822861,1.269062,1799.855201
zero,1,0,0,135.043861,1.387344,1924.81049
zero,1,0,0,126.186861,1.208926,1580.812573
zero,1,0,0,136.226861,1.329887,1877.636421
zero,1,0,0,131.934861,1.251781,1555.877738
zero,1,0,0,127.873861,1.230064,1640.155507
zero,1,0,0,129.329861,1.306311,1847.247259
zero,1,0,0,131.256861,1.26114,1719.125603
zero,1,0,0,139.972861,1.313272,1997.273622
zero,1,0,0,127.146861,1.21953,1521.022814
one,0,3,1,139.584861,1.298194,3055.208616
one,0,3,1,153.908861,1.355455,4170.923374
one,0,2,0,135.978861,1.217897,2378.94171
one,0,2,0,136.988861,1.34054,3296.954904
one,0,2,0,139.948861,1.353317,3198.097891
one,0,2,0,137.748861,1.278342,3213.045328
one,0,2,0,141.710861,1.454872,4056.328943
one,0,2,0,130.092861,1.415676,3100.755545
one,0,2,0,130.139861,1.168549,1942.058817
one,0,3,1,144.026861,1.495583,5471.78575
one,0,3,1,134.010861,1.342451,3413.02932
one,0,3,1,143.034861,1.351755,4163.442773
one,0,2,0,142.388861,1.403554,3740.200314
one,0,2,0,152.470861,1.531241,4676.592355
one,0,2,0,127.552861,1.281806,2914.535192
one,0,3,1,133.720861,1.332009,3389.70723
one,0,3,1,152.246861,1.536802,5779.456775
one,0,2,0,132.092861,1.282635,2831.14757
one,0,3,1,146.589861,1.411742,4624.49115
one,0,3,1,127.469861,1.446466,3753.589891
one,0,2,0,129.058861,1.391034,2890.509108
one,0,2,0,140.610861,1.333344,3467.170077
one,0,2,0,132.290861,1.307212,3196.295811
one,0,3,1,139.658861,1.384271,4088.052863
one,0,2,0,133.795861,1.322084,2805.48196
one,0,3,1,139.584861,1.314732,4147.567799
one,0,3,1,132.604861,1.266766,3294.542949
one,0,2,0,129.263861,1.261157,2454.235533
one,0,3,1,137.228861,1.427897,4220.563768
one,0,3,1,142.826861,1.444492,3980.193473
one,0,2,0,137.170861,1.291275,3030.359717
one,0,2,0,137.723861,1.281582,2761.859542
one,0,3,1,144.976861,1.384161,4001.242925
one,0,2,0,133.754861,1.288134,2821.708852
one,0,2,0,136.872861,1.3386,3119.817292
one,0,3,1,140.312861,1.488617,5247.761414
one,0,3,1,142.272861,1.383946,4014.584125
one,0,3,1,156.034861,1.526002,5673.81668
one,0,3,1,136.665861,1.334972,3090.644878
one,0,3,1,138.037861,1.286606,3489.973118
one,0,2,0,129.288861,1.257645,2621.69057
one,0,2,0,144.448861,1.353771,3793.768256
one,0,2,0,133.928861,1.257261,3290.017059
one,0,3,1,145.266861,1.460744,4527.256946
one,0,3,1,141.876861,1.491559,4718.591999
one,0,2,0,127.278861,1.247775,2630.604228
one,0,2,0,146.233861,1.375825,3239.991246
one,0,2,0,136.822861,1.273891,2779.175037
one,0,2,0,138.534861,1.29265,3228.25438
one,0,3,1,137.724861,1.495394,4753.669933
one,0,3,1,136.583861,1.351292,3403.983588
one,0,2,0,125.534861,1.449347,3027.626444
one,0,2,0,137.798861,1.401772,3648.335381
one,0,2,0,128.024861,1.433186,3643.662587
one,0,3,1,141.222861,1.404113,4416.103747
one,0,2,0,128.536861,1.547521,3634.413998
one,0,2,0,148.756861,1.675862,4918.628047
one,0,3,1,133.960861,1.314075,3187.257526
one,0,2,0,140.188861,1.363674,2842.992478
one,0,2,0,129.024861,1.410364,3052.154646
one,0,3,1,135.664861,1.303493,3242.31528
one,0,3,1,135.202861,1.353539,3880.477799
one,0,3,1,142.496861,1.60662,5119.361368
one,0,2,0,132.869861,1.272218,3383.751039
one,0,2,0,132.472861,1.384071,3238.837287
one,0,2,0,126.560861,1.428086,3068.573095
one,0,2,0,137.170861,1.281326,2916.292406
one,0,2,0,153.222861,1.603066,5853.127996
one,0,3,1,138.269861,1.344208,2626.221609
one,0,3,1,142.528861,1.408378,4734.158167
one,0,2,0,132.216861,1.293065,2762.74753
one,0,2,0,133.994861,1.301875,2844.444322
one,0,3,1,135.292861,1.349351,3449.626923
one,0,2,0,134.597861,1.325947,3491.201695
one,0,3,1,142.686861,1.517025,4909.856848
one,0,3,1,136.574861,1.35959,3654.52119
one,0,3,1,146.556861,1.532271,5572.131455
one,0,3,1,141.942861,1.428227,4125.995303
one,0,2,0,130.040861,1.292936,2827.824295
one,0,2,0,133.381861,1.290572,2397.648513
one,0,2,0,141.528861,1.421352,4289.40047
one,0,2,0,135.300861,1.29178,2295.147814
one,0,2,0,145.646861,1.403479,4165.472661
one,1,2,2,124.004861,1.381671,2819.710042
one,0,2,0,137.616861,1.339452,2890.290471
one,0,2,0,130.578861,1.233348,2197.130197
one,0,2,0,130.818861,1.329903,2834.456024
one,0,3,1,142.082861,1.31785,3822.730542
one,0,2,0,143.628861,1.423621,3550.768024
one,0,3,1,130.818861,1.318817,3223.869449
one,0,2,0,133.208861,1.288899,2416.307941
one,0,2,0,136.499861,1.291446,2286.769421
one,0,2,0,132.580861,1.334876,3552.805839
one,0,3,1,135.160861,1.295648,2982.128008
one,0,2,0,130.859861,1.243694,2297.983986
one,0,3,1,150.354861,1.765731,6730.247605
one,0,3,1,143.828861,1.459323,5085.762724
one,0,3,1,133.332861,1.483292,4427.264998
one,0,2,0,139.204861,1.430091,3566.38149
one,0,2,0,140.990861,1.221036,2197.882162
one,0,2,0,135.474861,1.30016,3061.816664
one,0,2,0,139.056861,1.361597,3739.706292
one,0,2,0,145.448861,1.353467,3350.713203
two,0,2,0,208.716861,2.104126,12055.420322
two,0,2,0,203.854861,2.17821,12826.225572
two,0,2,0,182.722861,1.913021,9699.206349
two,0,2,0,189.678861,1.988588,10490.343668
two,0,3,1,192.200861,2.040554,10614.393048
two,0,2,0,197.874861,2.053352,10906.43064
two,0,2,0,176.974861,1.842717,9360.566431
two,0,2,0,157.886861,1.756449,6514.907249
two,0,2,0,187.610861,1.99465,9487.464661
two,0,3,1,187.254861,1.922448,9495.981358
two,0,2,0,190.992861,1.985973,10628.615973
two,0,2,0,185.526861,2.049642,10041.996664
two,0,2,0,198.716861,2.273411,11386.310532
two,0,2,0,204.515861,2.113703,11909.113687
two,0,2,0,193.068861,1.957658,10291.735735
two,0,2,0,193.052861,2.0823,10795.736538
two,0,2,0,161.766861,1.728495,7201.995751
two,0,2,0,163.709861,1.6462,6395.847904
two,0,2,0,169.936861,1.787797,8925.453146
two,0,2,0,182.714861,1.994255,10369.663556
two,0,3,1,184.698861,1.94989,9398.358074
two,0,2,0,189.910861,1.961442,10494.54043
two,0,2,0,204.382861,2.123762,12497.722802
two,0,2,0,164.496861,1.755149,9084.261466
two,0,2,0,189.100861,2.095565,10524.65185
two,0,3,1,203.770861,2.025999,12442.14279
two,0,2,0,200.455861,2.135772,12815.776719
two,0,3,1,184.492861,2.024295,9561.246416
two,0,2,0,171.764861,1.807028,7563.383152
two,0,2,0,190.298861,1.985512,11316.466084
two,0,2,0,205.118861,2.026851,11509.95509
two,0,2,0,181.432861,1.920799,9503.117046
two,0,2,0,192.680861,1.984737,11143.196259
two,0,2,0,199.586861,2.196566,12487.673053
two,0,2,0,206.838861,2.024075,12424.144391
two,0,2,0,166.214861,1.922235,7927.742891
two,0,2,0,184.782861,2.03364,9803.585155
two,0,2,0,198.188861,1.997991,11721.200167
two,0,3,1,152.494861,1.713878,5908.136094
two,0,2,0,201.934861,2.351188,12998.871847
two,0,2,0,188.678861,2.05935,11500.401738
two,0,2,0,172.194861,1.932221,8935.584052
two,0,2,0,188.256861,1.998681,9546.505101
two,0,2,0,195.880861,2.039572,10007.79328
two,0,2,0,199.552861,2.048706,11627.201229
two,0,2,0,143.852861,1.588024,4790.233746
two,0,2,0,200.668861,2.122952,11510.314943
two,0,2,0,206.400861,2.049603,12174.213562
two,0,2,0,194.690861,2.005442,10439.851479
two,0,2,0,191.150861,1.978231,11158.094989
two,0,2,0,169.382861,1.925193,8596.957479
two,0,2,0,189.818861,2.01956,9573.069189
two,0,2,0,180.192861,1.81541,9298.405847
two,0,2,0,188.098861,1.929836,10866.637576
two,0,2,0,185.451861,1.995942,10102.218858
two,0,2,0,168.836861,1.912786,8950.947076
two,0,2,0,172.072861,2.062303,9499.490563
two,0,2,0,183.070861,2.094414,11134.715721
two,0,2,0,200.570861,2.102779,11487.182576
two,0,2,0,176.272861,1.640298,8604.065581
two,0,2,0,186.130861,1.939374,10791.496462
two,0,2,0,183.450861,1.924623,9915.45606
two,0,2,0,187.750861,2.058486,10846.700491
two,0,2,0,200.612861,2.192889,12560.345177
two,0,2,0,200.850861,2.009487,11787.397273
two,0,2,0,188.926861,1.998729,10406.002131
two,0,2,0,200.942861,2.111057,12115.815796
two,0,2,0,212.356861,2.405833,13238.901705
two,0,2,0,190.256861,1.918026,10275.862944
two,0,2,0,204.474861,2.202282,13686.018707
two,0,2,0,197.866861,2.164499,11817.640146
two,0,2,0,194.864861,1.999253,10878.2649
two,0,2,0,193.812861,1.886418,10154.279974
two,0,2,0,188.296861,1.825141,8658.349388
two,0,2,0,181.392861,2.008597,9965.915743
two,0,2,0,180.324861,1.898403,9638.135226
two,0,2,0,194.012861,1.899707,10621.097542
two,0,2,0,187.014861,1.952584,10192.868764
two,0,3,1,204.696861,2.012826,11580.750505
two,0,2,0,187.776861,1.967289,10303.50152
two,0,2,0,180.084861,2.065354,10383.516035
two,0,2,0,180.572861,1.990338,9018.823006
two,0,2,0,175.800861,1.841819,9071.296402
two,0,2,0,162.179861,1.838852,8592.084147
two,0,2,0,178.214861,1.865824,9884.033255
two,0,2,0,175.800861,1.900389,8519.378288
two,0,2,0,199.660861,1.938728,12370.7252
two,0,2,0,197.666861,2.178754,11745.041372
two,0,2,0,194.020861,2.055514,10945.464512
two,0,2,0,181.648861,2.107822,9578.79959
two,0,2,0,189.098861,1.982507,10099.495776
two,0,2,0,194.706861,2.025968,11045.379389
two,0,3,0,185.286861,1.946579,9900.675466
two,0,2,0,162.865861,1.699286,7045.790825
two,0,2,0,187.338861,1.916974,9772.330884
two,0,2,0,192.498861,1.990842,10969.884586
two,0,2,0,190.190861,2.072752,11045.908342
three,0,4,2,187.032861,1.884321,10698.328634
three,0,3,1,203.588861,1.905927,13138.417138
three,0,3,1,170.664861,1.768602,7245.337192
three,0,3,1,174.056861,1.857153,8846.744263
three,0,4,2,183.310861,1.932532,9301.735274
three,0,3,1,179.200861,1.906591,8873.645224
three,0,2,0,172.434861,1.950406,8179.285889
three,0,4,2,172.220861,1.82071,8677.42931
three,0,3,1,174.866861,1.876565,8755.626201
three,0,4,2,174.452861,1.775794,8610.957772
three,0,3,1,170.358861,1.975145,9086.685067
three,0,3,1,185.874861,1.894529,10458.028473
three,0,3,1,160.766861,1.798304,8207.871306
three,0,2,0,152.634861,1.649967,5666.238254
three,0,4,2,211.362861,2.202276,15845.420424
three,0,3,1,185.650861,1.993735,10466.95006
three,0,3,1,175.304861,1.881265,7975.417421
three,0,3,1,180.052861,2.009299,9421.332398
three,0,3,1,172.550861,1.846375,9906.514028
three,0,4,2,171.202861,1.965113,9201.726772
three,0,4,2,182.508861,1.965699,9698.376114
three,0,3,1,182.516861,1.897838,11437.436131
three,0,3,1,171.268861,1.824797,7661.911104
three,0,3,1,153.678861,1.739656,6301.463176
three,0,3,1,175.701861,1.874705,7955.096455
three,0,4,2,177.992861,1.857116,9242.456934
three,0,2,0,148.988861,1.720132,6202.221602
three,0,3,1,161.022861,1.680057,7692.524861
three,0,3,1,174.998861,1.973073,9505.015895
three,0,2,0,155.886861,1.752001,6437.857934
three,0,2,0,181.804861,1.928816,9139.958631
three,0,3,1,209.576861,2.136112,15203.105245
three,0,2,0,169.120861,1.784182,7032.551853
three,0,3,1,210.370861,2.231881,15242.065184
three,0,3,1,174.304861,1.92419,9046.521241
three,0,2,0,154.082861,1.794033,6626.833373
three,0,2,0,180.042861,1.978465,8943.06283
three,0,3,1,202.397861,2.199232,14817.290386
three,0,4,2,203.142861,2.027324,13242.815125
three,0,3,1,159.798861,1.786072,7304.182941
three,0,4,2,163.412861,1.723964,7456.090335
three,0,4,2,184.452861,2.084666,10399.715663
three,0,3,1,179.390861,1.872984,9118.29772
three,0,3,1,200.734861,2.173116,12567.869557
three,0,3,1,174.262861,1.906291,9209.637083
three,0,3,1,189.496861,1.901882,10333.620816
three,0,2,0,176.454861,1.78574,10076.938677
three,0,3,1,175.726861,1.855172,8390.676164
three,0,4,2,211.362861,2.202276,15845.420424
three,0,2,0,152.636861,1.757838,6438.94189
three,0,3,1,187.288861,1.964888,10659.025006
three,0,3,1,153.422861,1.630011,5676.856667
three,0,4,2,197.964861,2.057072,12499.417484
three,0,4,2,170.714861,1.934063,9992.607526
three,0,2,0,170.614861,1.958364,8276.339409
three,0,4,2,185.990861,1.967668,9959.278394
three,0,3,1,162.693861,1.681466,6887.740974
three,0,3,1,207.674861,2.301397,14634.753374
three,0,2,0,168.624861,1.915023,8822.056707
three,0,2,0,192.630861,1.879394,11076.026497
three,0,3,1,176.298861,1.847037,9528.447663
three,0,3,1,178.712861,1.80511,9524.782811
three,0,3,1,198.220861,2.051398,13164.427582
three,0,3,1,183.152861,1.993077,9901.108292
three,0,3,1,172.476861,1.933856,10063.712728
three,0,4,2,175.478861,1.82714,9665.159322
three,0,3,1,206.714861,2.065559,12370.023331
three,0,2,0,169.589861,1.773084,7537.661656
three,0,3,1,178.456861,1.874825,9784.332319
three,0,4,2,158.508861,1.708454,7317.155703
three,0,3,1,175.362861,1.829675,9222.736469
three,0,3,1,187.362861,2.076305,11248.090349
three,0,2,0,154.504861,1.627712,6124.557304
three,0,3,1,206.094861,2.184971,13448.248867
three,0,2,0,167.605861,1.941587,8221.398903
three,0,4,2,193.846861,1.974496,10159.923818
three,0,2,0,157.556861,1.609052,5877.716905
three,0,4,2,163.974861,1.744595,7053.135525
three,0,3,1,165.662861,1.869305,8728.791999
three,0,4,2,180.580861,1.966552,9788.188629
three,0,2,0,186.080861,2.071711,10529.158964
three,0,3,1,146.888861,1.81363,6882.786349
three,0,3,1,176.380861,2.03809,9590.974495
three,0,2,0,176.040861,1.770195,7356.225933
three,0,3,1,179.026861,1.84903,8527.506976
three,0,2,0,159.888861,1.682088,7059.039253
three,0,3,1,193.944861,2.200793,11751.944647
three,0,2,0,162.940861,1.593542,6285.724599
three,0,4,2,187.346861,2.006142,11269.239772
three,0,4,2,175.974861,1.891194,9061.175027
four,0,2,0,151.899861,1.711271,5926.192985
four,0,3,1,164.122861,1.725432,8533.381085
four,0,3,1,158.912861,1.740994,7359.527506
four,0,6,2,118.124861,1.577862,4756.590846
four,0,3,1,145.481861,1.657577,5967.158091
four,0,3,1,146.044861,1.66535,6194.822697
four,0,3,1,164.892861,1.80924,7835.670501
four,0,3,1,167.438861,1.83302,7691.583587
four,0,3,1,179.804861,1.878593,9914.706216
four,0,2,0,161.186861,1.724774,6760.364608
four,0,3,1,165.892861,1.74283,8894.771329
four,0,4,2,155.628861,1.7983,7490.574784
four,0,3,1,153.056861,1.626123,6476.269171
four,0,2,0,163.222861,1.900452,7578.850897
four,0,2,0,145.937861,1.715346,5492.611957
four,0,2,0,152.654861,1.723905,5971.706517
four,0,3,1,165.678861,1.749094,6871.440367
four,0,4,2,139.370861,1.525749,4872.028407
four,0,3,1,158.706861,1.67902,8574.682952
four,0,3,1,158.176861,1.767943,8837.690048
four,0,4,2,168.406861,1.90179,9563.352099
four,0,2,0,146.400861,1.58842,5818.681688
four,0,3,1,154.536861,1.680427,7140.100545
four,0,3,1,167.298861,1.821909,9237.2203
four,0,3,1,157.664861,1.698118,7705.120997
four,0,2,0,158.648861,1.71372,7364.014909
four,0,3,1,157.548861,1.683426,6946.219021
four,0,3,0,147.060861,1.407286,4731.513333
four,0,2,0,155.192861,1.748369,6225.599895
four,0,3,1,162.370861,1.774868,8280.354469
four,0,3,1,179.902861,1.824159,9869.987315
four,0,4,2,161.816861,1.77281,8095.260668
four,0,3,1,174.346861,1.827847,9602.322663
four,0,2,0,153.768861,1.541349,6642.731584
four,0,2,0,155.786861,1.652784,6634.185623
four,0,3,1,152.188861,1.757077,7573.708287
four,0,3,1,155.952861,1.78859,7817.275996
four,0,4,2,154.356861,1.745926,7682.991676
four,0,3,1,152.420861,1.620515,6407.950926
four,0,2,0,149.128861,1.672072,6858.852431
four,0,3,1,153.528861,1.766639,7098.600319
four,0,3,1,164.288861,1.734419,8314.07354
four,0,3,1,156.902861,1.753704,7847.201448
four,0,3,1,154.150861,1.807181,7312.855404
four,0,3,1,161.204861,1.798965,6392.075713
four,0,3,1,162.476861,1.83189,7243.715822
four,0,3,1,167.612861,1.870475,9006.576856
four,0,3,1,131.878861,1.484535,3621.131953
four,0,2,0,158.416861,1.747461,7458.459002
four,0,2,0,152.122861,1.771212,6661.762288
four,0,3,1,172.466861,1.737572,8243.743408
four,0,3,1,158.128861,1.809066,7696.023576
four,0,3,1,165.172861,1.796082,8123.28509
four,0,4,2,165.058861,1.893024,6946.706574
four,0,4,2,169.606861,1.986664,9267.358036
four,0,2,0,154.918861,1.776731,6394.658383
four,0,3,1,152.370861,1.678205,6924.095828
four,0,3,1,170.250861,1.820454,9238.215049
four,0,3,1,171.252861,1.903663,8865.651284
four,0,3,1,160.600861,1.85731,7466.42023
four,0,3,1,153.950861,1.768555,7029.150846
four,0,2,0,149.120861,1.633717,5774.548736
four,0,3,1,159.624861,1.876223,7075.751414
four,0,3,1,177.908861,1.962473,9006.607064
four,0,2,0,144.902861,1.553885,5890.613832
four,0,4,2,160.054861,1.868347,9065.882403
four,0,3,1,143.604861,1.574473,5483.127442
four,0,3,1,163.014861,1.893199,8200.816662
four,0,3,1,168.456861,1.797402,8899.883121
four,0,2,0,157.250861,1.660118,6977.897734
four,0,3,1,155.934861,1.680711,7086.939401
four,0,3,1,165.172861,1.934727,9146.979155
four,0,3,1,161.344861,1.720288,7030.037441
four,0,2,0,153.958861,1.687993,6349.397568
four,0,3,1,150.088861,1.722761,6256.096894
four,0,2,0,152.604861,1.82733,7040.541791
four,0,2,0,162.394861,1.750339,7507.13
four,0,3,1,159.152861,1.807453,9255.027412
four,0,3,1,159.458861,1.696548,7908.003397
four,0,2,0,155.704861,1.737588,6036.654281
four,0,4,1,157.672861,1.766475,6775.265889
four,0,2,0,148.128861,1.627766,6230.010932
four,0,2,0,159.044861,1.708009,6636.697544
four,0,3,1,152.808861,1.707945,6332.259288
four,0,3,1,155.794861,1.694106,6382.724165
four,0,2,0,133.788861,1.3302,3193.355246
four,0,3,1,162.162861,1.838659,9115.767824
four,0,3,1,176.668861,2.019512,8371.920576
four,0,2,0,157.746861,1.719168,7312.454561
four,0,3,1,152.866861,1.795232,6631.015593
four,0,4,2,167.852861,1.768334,8463.835796
four,0,3,1,163.336861,1.856474,8800.601211
four,0,2,0,162.626861,1.722917,7025.180583
four,0,3,1,152.776861,1.693032,7281.139939
four,0,4,2,156.018861,1.670677,7963.756281
four,0,3,1,149.914861,1.690256,6906.8691
four,0,3,1,163.064861,1.737387,8403.623968
four,0,3,1,173.592861,1.836505,8935.831165
four,0,3,1,157.052861,1.711605,6720.015256
four,0,2,0,156.994861,1.713532,6757.236552
four,0,3,1,168.530861,1.645248,7900.774068
four,0,2,0,145.812861,1.629751,5873.688014
four,0,3,1,159.226861,1.858682,8155.175753
four,0,4,2,154.438861,1.769764,8250.638915
four,0,2,0,153.528861,1.688388,5951.875847
four,0,2,0,164.404861,1.801163,7544.119891
five,0,3,1,200.652861,1.981506,13896.459506
five,0,2,0,174.220861,2.028505,9504.139244
five,0,2,0,181.084861,1.846913,9637.593888
five,0,3,1,207.970861,2.050008,13458.901259
five,0,3,1,211.254861,2.077313,13534.033707
five,0,3,1,213.098861,2.300201,15243.975531
five,0,3,1,191.159861,1.98636,12188.133665
five,0,3,1,206.920861,2.388978,13600.93712
five,0,3,1,212.470861,2.190048,14876.745098
five,0,3,1,192.084861,2.133577,11188.267438
five,0,3,1,176.238861,2.031343,9681.489502
five,0,2,0,173.790861,2.001458,9241.17846
five,0,2,0,195.020861,1.940207,12147.484135
five,0,3,1,207.648861,2.209261,12900.521361
five,0,3,1,208.069861,2.102982,14814.883338
five,0,2,0,194.508861,1.999572,11990.3379
five,0,3,1,198.510861,2.008949,12215.266435
five,0,3,1,179.480861,1.866269,10479.969414
five,0,2,0,180.225861,1.946794,11082.962327
five,0,3,1,227.068861,2.305388,17080.824219
five,0,3,1,169.855861,1.952888,9872.10531
five,0,3,1,180.548861,1.814374,10620.2555
five,0,3,1,190.074861,1.938604,11141.537354
five,0,2,0,193.416861,1.993648,12062.670463
five,0,3,1,209.112861,2.031711,14793.934887
five,0,2,0,191.902861,2.238198,11197.459489
five,0,3,1,201.736861,2.123822,13774.170852
five,0,3,1,213.370861,2.199324,14820.644607
five,0,3,1,209.732861,2.125253,15496.207243
five,0,3,1,222.618861,2.251476,14513.159302
five,0,2,0,191.174861,2.068099,11354.159906
five,0,3,1,205.440861,2.000787,14158.119163
five,0,2,0,169.606861,1.716437,9130.225747
five,0,3,1,178.727861,1.936299,9894.857728
five,0,3,1,215.232861,2.107486,14951.708556
five,0,2,0,177.718861,1.824547,9479.155257
five,0,3,1,207.260861,2.006589,14217.788152
five,0,3,1,206.010861,2.145049,13672.784803
five,0,2,0,166.490861,1.633175,6421.121349
five,0,3,1,212.064861,1.976588,14630.500745
five,0,2,0,208.368861,2.165181,14598.332551
five,0,2,0,188.114861,1.833142,11088.037139
five,0,3,1,205.332861,2.136534,14118.850411
five,0,3,1,217.622861,2.084923,15740.519374
five,0,3,1,196.194861,2.066917,12622.763461
five,0,2,0,209.798861,2.055516,13672.51993
five,0,2,0,186.468861,2.014231,10513.021716
five,0,2,0,202.926861,1.965788,13519.38882
five,0,2,0,192.556861,1.921678,11324.820932
five,0,2,0,170.664861,1.869745,7974.71243
five,0,3,1,197.610861,2.247855,13660.703386
five,0,3,1,198.908861,2.011682,13538.297111
five,0,3,1,190.472861,1.935089,11436.202316
five,0,3,1,214.355861,2.082652,15228.181591
five,0,3,1,186.246861,1.962115,11315.088636
five,0,2,0,185.412861,1.939848,11749.992101
five,0,3,1,209.550861,2.248772,14877.190036
five,0,2,0,187.386861,2.119527,10299.711876
five,0,2,0,193.606861,2.09595,13252.184397
five,0,2,0,180.679861,2.068762,9746.836405
five,0,3,1,191.142861,2.039457,13029.405324
five,0,2,0,192.688861,1.893599,11999.51754
five,0,3,1,165.785861,1.814924,9300.109131
five,0,2,0,179.488861,1.773592,10886.358367
five,0,3,1,214.736861,2.124498,15319.350652
five,0,2,0,190.354861,1.990185,10787.275536
five,0,2,0,189.470861,2.162305,10536.854736
five,0,2,0,178.810861,2.050743,9694.059784
five,0,3,1,214.884861,2.148545,14945.871904
five,0,2,0,199.594861,2.010881,13193.454632
five,0,2,0,175.874861,1.99413,9390.633908
five,0,2,0,193.268861,2.019264,13516.477816
five,0,2,0,191.670861,2.08422,10765.335704
five,0,3,1,217.290861,2.131492,17242.285328
five,0,3,1,200.628861,2.00853,13305.85371
five,0,3,1,206.020861,2.297292,13819.734466
five,0,3,1,181.558861,1.990598,11738.892888
five,0,3,1,217.986861,2.125508,15088.926868
five,0,3,1,201.032861,2.117886,12879.367967
five,0,3,1,208.384861,2.052836,14716.931085
five,0,3,1,202.538861,2.11322,14753.543904
five,0,3,1,201.016861,2.10455,13094.210522
five,0,3,1,210.468861,2.025752,15197.649236
five,0,3,1,201.734861,2.009504,13699.032164
five,0,2,0,184.360861,1.914413,9131.487764
five,0,3,1,215.314861,2.161004,15196.92999
five,0,3,1,179.430861,1.921377,11732.825088
five,0,2,0,186.278861,1.763405,10085.426426
five,0,3,1,195.979861,2.276043,12642.133381
five,0,2,0,178.926861,2.074482,9820.566203
five,0,2,0,181.192861,1.887923,9893.580911
five,0,3,1,201.082861,2.078222,13518.536656
five,0,3,1,204.416861,2.033685,14748.108141
five,0,3,1,189.802861,1.914672,12044.224612
five,0,2,0,197.212861,2.104223,12509.460196
five,0,3,1,205.183861,2.357109,12791.59489
five,0,3,1,203.620861,1.972511,12767.03297
five,0,2,0,204.034861,1.980027,13630.70529
five,0,3,1,191.894861,1.871094,11377.510308
five,0,2,0,197.508861,2.02104,12127.813835
five,0,3,1,193.820861,1.909364,11318.949009
five,0,2,0,188.785861,1.836397,12341.959659
five,0,3,1,183.830861,1.85919,10150.083813
five,0,2,0,177.330861,1.838923,9223.048676
five,0,2,0,202.760861,2.023512,12496.367184
five,0,2,0,211.320861,2.09846,13706.803401
five,0,3,1,195.466861,1.945855,12046.504968
five,0,3,1,216.761861,2.087538,14591.280728
five,0,3,1,186.038861,1.809676,10115.298724
six,1,1,1,135.838861,1.380937,3486.654776
six,1,1,1,132.960861,1.419682,3583.983013
six,1,1,1,146.624861,1.578063,4312.652687
six,1,1,1,171.326861,1.61913,6641.598612
six,1,1,1,161.500861,1.573794,5848.755866
six,1,1,1,144.564861,1.368521,4335.968751
six,1,1,1,139.270861,1.622955,3932.185128
six,1,1,1,135.044861,1.483988,3865.489708
six,1,1,1,139.386861,1.457308,3729.174202
six,1,1,1,131.000861,1.502421,3353.847736
six,1,1,1,138.558861,1.482644,3905.883497
six,1,1,1,133.920861,1.564621,3808.021317
six,1,1,1,144.994861,1.582557,4458.557371
six,1,1,1,138.650861,1.451608,3776.501007
six,1,1,1,133.216861,1.508025,3542.638111
six,1,1,1,142.992861,1.440626,4567.220105
six,1,1,1,146.490861,1.441351,3786.027658
six,1,1,1,137.616861,1.411906,3772.102425
six,1,1,1,137.930861,1.353019,3194.798349
six,1,1,1,130.702861,1.383729,3153.25485
six,1,1,1,138.724861,1.516395,3861.449762
six,1,1,1,134.632861,1.509539,3598.942779
six,1,1,1,142.041861,1.518822,4052.288104
six,1,1,1,144.108861,1.482439,4300.67317
six,1,1,1,131.886861,1.367668,3046.965225
six,1,1,1,151.162861,1.542743,4900.632511
six,1,1,1,154.222861,1.54201,4594.759907
six,1,1,1,135.168861,1.438116,3426.276997
six,1,1,1,142.520861,1.321912,3435.96684
six,1,1,1,141.164861,1.452154,3939.097143
six,1,1,1,137.220861,1.509045,3737.864996
six,1,1,1,134.498861,1.447556,3773.011581
six,1,1,1,144.142861,1.510147,4200.747655
six,1,1,1,167.182861,1.642946,5841.681693
six,1,1,1,132.994861,1.398182,3345.732634
six,1,1,1,134.110861,1.387921,3158.131629
six,1,1,1,135.574861,1.437334,4073.644988
six,1,1,1,148.698861,1.583194,4722.321164
six,1,1,1,131.910861,1.340135,2746.513927
six,1,1,1,138.360861,1.353152,3787.671292
six,1,1,1,149.534861,1.514282,4363.931375
six,1,1,1,133.200861,1.464837,3366.476376
six,0,2,0,138.732861,1.397708,3486.447016
six,1,1,1,141.462861,1.427947,3822.61863
six,1,1,1,147.193861,1.46439,3982.201795
six,1,1,1,134.152861,1.506539,3872.733546
six,1,1,1,140.328861,1.519173,3909.114125
six,1,1,1,146.102861,1.51714,4197.467961
six,1,1,1,145.662861,1.514625,3993.685699
six,1,1,1,133.688861,1.416339,3347.27832
six,1,1,1,139.038861,1.390192,3757.750943
six,1,1,1,140.214861,1.448171,3921.898227
six,1,1,1,131.298861,1.422464,3277.275536
six,1,1,1,131.290861,1.241465,2419.457886
six,1,1,1,133.622861,1.33688,3103.297143
six,1,1,1,148.450861,1.623929,4380.418535
six,1,1,1,149.244861,1.56576,4420.081123
six,1,1,1,135.722861,1.48025,3505.5015
six,1,1,1,140.594861,1.548505,3612.776887
six,1,1,1,133.862861,1.420187,3675.347469
six,1,1,1,136.872861,1.418415,3703.130347
six,1,1,1,138.782861,1.456001,3590.409352
six,1,1,1,127.080861,1.325012,2986.684377
six,1,1,1,140.072861,1.389232,3528.483327
six,1,1,1,131.504861,1.514472,3631.004541
six,1,1,1,146.002861,1.667599,4613.043155
six,1,1,1,152.288861,1.626056,5557.811709
six,1,1,1,129.826861,1.352719,2943.229821
six,1,1,1,159.516861,1.508366,5529.822439
six,1,1,1,135.186861,1.35766,3049.169759
six,1,1,1,145.880861,1.631792,4727.127674
six,1,1,1,161.782861,1.629932,5845.270941
six,1,1,1,144.994861,1.584932,4479.01039
six,1,1,1,144.712861,1.469243,4203.445812
six,1,1,1,147.854861,1.423925,3669.320722
six,1,1,1,141.810861,1.490865,3927.745016
six,1,1,1,160.004861,1.708443,5346.433307
six,1,1,1,134.210861,1.3063,3064.863624
six,1,1,1,162.790861,1.705517,5963.337205
six,1,1,1,167.272861,1.592477,5751.337094
six,1,1,1,144.804861,1.536273,4127.367857
six,1,1,1,137.872861,1.329343,3504.253132
six,1,1,1,138.261861,1.469979,3464.45338
six,1,1,1,164.388861,1.725833,5683.979284
six,1,1,1,157.680861,1.589619,5287.677612
six,1,1,1,141.974861,1.468318,3893.038859
six,1,1,1,169.530861,1.628884,6107.114766
six,1,1,1,139.214861,1.615425,4018.886646
six,1,1,1,140.188861,1.490467,3541.766622
six,1,1,1,140.403861,1.630603,3943.380566
six,1,1,1,150.204861,1.641882,4521.846761
six,1,1,1,131.604861,1.500691,3172.705144
six,1,1,1,150.874861,1.702441,4716.158306
six,1,1,1,162.286861,1.573958,5573.324353
six,0,3,1,182.069861,1.91811,9708.534719
six,1,1,1,139.452861,1.332184,3490.171798
six,1,1,1,139.312861,1.426479,3833.659194
six,1,1,1,133.340861,1.391232,3276.395058
six,1,1,1,130.852861,1.430346,3260.08949
six,1,1,1,161.202861,1.669421,5656.882778
six,1,1,1,130.214861,1.317787,2707.995327
seven,0,2,0,153.842861,1.817754,5702.682759
seven,0,2,0,146.796861,1.680806,5290.632432
seven,0,2,0,144.654861,1.652202,5119.477231
seven,0,2,0,153.950861,1.815847,5858.313683
seven,0,3,1,169.258861,1.769623,7795.440367
seven,0,2,0,164.014861,1.71362,6765.264567
seven,0,2,0,149.054861,1.675216,5008.420685
seven,0,2,0,154.818861,1.687258,5429.365208
seven,0,2,0,136.212861,1.566084,3804.180776
seven,0,2,0,170.292861,1.927728,7822.51754
seven,0,2,0,167.918861,1.819197,7143.929038
seven,0,2,0,142.744861,1.590474,4396.193842
seven,0,2,0,148.880861,1.716013,5248.51333
seven,0,2,0,157.786861,1.774764,5487.846081
seven,0,3,1,154.100861,1.760091,5673.020915
seven,0,2,0,158.242861,1.690841,6450.001211
seven,0,2,0,155.786861,1.652784,5409.070897
seven,0,2,0,171.358861,1.796521,7385.297999
seven,0,2,0,154.786861,1.724647,5859.667364
seven,0,2,0,164.386861,1.865383,6616.864859
seven,0,3,1,173.674861,1.815793,7754.129402
seven,0,2,0,151.692861,1.739733,5907.466223
seven,0,2,0,155.810861,1.765212,5783.671312
seven,0,2,0,151.072861,1.711535,5379.308241
seven,0,2,0,146.730861,1.670446,5143.934668
seven,0,2,0,168.646861,1.781675,6602.766567
seven,0,2,0,169.258861,1.934808,7679.001231
seven,0,2,0,163.328861,1.844445,6493.591741
seven,0,2,0,182.978861,1.851763,8128.646826
seven,0,2,0,151.634861,1.634364,5188.516297
seven,0,2,0,148.756861,1.708887,5074.981024
seven,0,2,0,151.998861,1.621798,5346.720564
seven,0,2,0,157.456861,1.785301,6707.976019
seven,0,2,0,158.018861,1.694537,6276.701355
seven,0,2,0,154.090861,1.686894,5242.932566
seven,0,2,0,145.928861,1.564888,4618.575608
seven,0,2,0,155.670861,1.679091,5771.403754
seven,0,2,0,164.692861,1.790863,7149.216992
seven,0,2,0,154.992861,1.728291,5654.590735
seven,0,3,1,153.710861,1.741421,5741.904542
seven,0,2,0,171.788861,1.968583,7881.51558
seven,0,2,0,146.184861,1.628803,4934.952439
seven,0,2,0,163.956861,1.749388,7541.671635
seven,0,2,0,147.632861,1.621086,5048.215818
seven,0,2,0,162.898861,1.849995,6739.807393
seven,0,2,0,145.166861,1.694557,5025.357106
seven,0,2,0,147.912861,1.654522,4736.962853
seven,0,2,0,149.740861,1.66067,5272.361447
seven,0,2,0,148.988861,1.727381,5284.601928
seven,0,2,0,148.276861,1.832524,5463.703246
seven,0,2,0,173.442861,1.874899,7663.136511
seven,0,2,0,161.186861,1.879952,6490.322959
seven,0,2,0,172.814861,1.838648,7520.915095
seven,0,2,0,153.834861,1.788102,5658.90103
seven,0,3,1,153.834861,1.624055,5670.608973
seven,0,2,0,164.990861,1.839776,7325.332902
seven,0,2,0,152.742861,1.693963,5537.45145
seven,0,2,0,168.282861,1.784096,6781.212295
seven,0,2,0,149.732861,1.622174,4621.767825
seven,0,2,0,165.314861,1.872885,6989.193932
seven,0,2,0,150.344861,1.676462,5191.939089
seven,0,3,1,151.196861,1.767976,5503.03986
seven,0,2,0,173.450861,2.029941,8111.686893
seven,0,3,1,177.644861,2.059619,8540.495366
seven,0,3,1,162.716861,1.743657,5910.438166
seven,0,2,0,151.386861,1.733361,5417.69733
seven,0,2,0,148.996861,1.478654,4450.292723
seven,0,2,0,167.488861,1.897515,7774.274672
seven,0,2,0,154.818861,1.702574,5592.53361
seven,0,2,0,153.702861,1.754108,5498.001636
seven,0,2,0,157.216861,1.7083,5667.700234
seven,0,2,0,176.684861,1.993675,8019.092088
seven,0,2,0,156.820861,1.780969,5914.955645
seven,0,2,0,151.684861,1.631335,5022.429939
seven,0,2,0,165.056861,1.815163,7636.315451
seven,0,2,0,151.948861,1.70369,5481.279909
seven,0,2,0,150.700861,1.666174,5275.072765
seven,0,2,0,151.626861,1.667471,5034.63378
seven,0,3,1,170.978861,1.846908,7395.695911
seven,0,2,0,160.798861,1.733136,6475.968172
seven,0,3,1,161.814861,1.791807,7290.581565
seven,0,2,0,152.370861,1.6447,5102.279936
seven,0,2,0,181.216861,1.969082,8213.626702
seven,0,2,0,148.028861,1.650637,5120.638273
seven,0,2,0,165.900861,1.776495,7074.891389
seven,0,2,0,164.320861,1.828026,7234.665223
seven,0,2,0,159.962861,1.872088,6483.969784
seven,0,2,0,154.942861,1.703938,5473.071078
seven,0,2,0,171.416861,1.804623,7635.354659
seven,0,2,0,139.510861,1.622985,4802.081171
seven,0,2,0,145.448861,1.654504,5280.832954
seven,0,2,0,175.890861,1.964391,7440.402551
seven,0,2,0,147.268861,1.62698,4890.223053
seven,0,2,0,156.224861,1.724601,5599.429706
seven,0,2,0,160.102861,1.708266,5459.909319
seven,0,3,1,169.332861,1.932483,7978.350447
seven,0,2,0,164.288861,1.759233,7185.352359
seven,0,2,0,151.600861,1.777287,5366.174052
seven,0,2,0,156.414861,1.856303,5837.602998
seven,0,2,0,150.244861,1.83239,5601.368331
seven,0,2,0,155.050861,1.709026,5522.524233
seven,0,2,0,153.876861,1.639492,5399.077699
eight,2,0,2,132.075861,1.343555,1913.776024
eight,2,0,2,135.300861,1.256985,1848.147037
eight,2,0,2,134.746861,1.295425,1750.978168
eight,2,0,2,132.009861,1.338539,2065.702851
eight,2,0,2,133.134861,1.313941,1880.996046
eight,2,0,2,133.266861,1.293269,1878.885378
eight,2,0,2,136.276861,1.398158,2337.219067
eight,2,0,2,137.318861,1.275733,1898.09921
eight,2,0,2,135.283861,1.406702,2188.462527
eight,2,0,2,129.562861,1.252884,2117.851821
eight,2,0,2,133.911861,1.37846,1917.921424
eight,2,0,2,129.032861,1.339884,1740.098977
eight,2,0,2,143.967861,1.431406,2188.281562
eight,2,0,2,135.052861,1.265014,2251.761894
eight,2,0,2,134.350861,1.334959,1932.024219
eight,2,0,2,122.523861,1.209959,1654.651707
eight,2,0,2,129.296861,1.329185,1907.43411
eight,2,0,2,135.862861,1.340864,2162.956277
eight,2,0,2,132.736861,1.385879,1963.767182
eight,2,0,2,128.958861,1.219414,1778.346774
eight,2,0,2,129.520861,1.207222,2127.84117
eight,2,0,2,131.934861,1.295769,2035.777483
eight,2,0,2,131.918861,1.365235,1860.011587
eight,2,0,2,128.370861,1.327624,1816.484394
eight,1,1,1,204.348861,2.035542,8672.428438
eight,2,0,2,125.592861,1.280105,2104.69712
eight,2,1,3,141.726861,1.376182,2574.034752
eight,2,0,2,132.026861,1.257644,2090.139034
eight,2,0,2,134.307861,1.358334,2068.635969
eight,1,1,1,134.324861,1.28541,2131.003237
eight,2,0,2,126.642861,1.268642,2121.958963
eight,2,0,2,131.670861,1.373808,1992.527073
eight,2,0,2,131.372861,1.229189,1777.64522
eight,2,0,2,131.877861,1.367575,2079.67875
eight,2,0,2,139.336861,1.325765,2369.105419
eight,2,0,2,133.258861,1.252359,1958.511863
eight,2,0,2,134.424861,1.247495,2128.876791
eight,2,0,2,130.578861,1.308071,1888.410905
eight,2,0,2,133.068861,1.352777,1753.588754
eight,2,0,2,134.432861,1.31316,2298.117079
eight,2,0,2,135.094861,1.351607,2031.048631
eight,2,0,2,130.082861,1.231427,1876.733282
eight,2,0,2,136.202861,1.331247,2239.219527
eight,2,0,2,128.668861,1.192144,1902.619483
eight,2,0,2,135.582861,1.355637,2055.996931
eight,2,0,2,132.216861,1.362828,1843.309384
eight,2,0,2,136.020861,1.309194,1782.998221
eight,2,0,2,130.726861,1.236132,1855.233811
eight,2,0,2,136.732861,1.286436,2217.582095
eight,2,0,2,142.478861,1.445625,2618.490293
eight,2,0,2,129.404861,1.330296,2059.806534
eight,2,0,2,128.254861,1.328211,1889.027063
eight,2,0,2,139.816861,1.462808,2377.896613
eight,2,0,2,128.792861,1.350261,1961.917926
eight,2,0,2,125.856861,1.232347,1721.659503
eight,2,0,2,132.199861,1.264347,2081.769746
eight,2,0,2,135.292861,1.265867,1992.687702
eight,2,0,2,131.364861,1.285505,1949.705089
eight,2,0,2,131.256861,1.256051,1709.866945
eight,2,0,2,123.937861,1.239982,1710.51752
eight,2,0,2,128.528861,1.260791,2036.148964
eight,2,0,2,130.512861,1.235498,1776.552172
eight,2,0,2,132.836861,1.277805,1836.407664
eight,2,0,2,131.752861,1.285441,1788.366626
eight,2,0,2,130.066861,1.250432,1909.789703
eight,2,0,2,126.858861,1.400423,2670.501968
eight,2,0,2,125.600861,1.225419,1749.440546
eight,2,0,2,133.208861,1.340346,2283.56162
eight,2,0,2,137.930861,1.400386,2457.486553
eight,2,0,2,135.524861,1.258384,1997.329911
eight,2,0,2,131.198861,1.339871,2094.817373
eight,2,0,2,134.258861,1.30989,1879.321131
eight,2,0,2,128.338861,1.336304,2415.063802
eight,1,1,1,190.942861,1.977409,8075.116096
eight,2,0,2,131.892861,1.280693,1846.363407
eight,2,0,2,132.273861,1.291296,2050.732829
eight,2,0,2,127.808861,1.334426,1988.104822
eight,2,0,2,135.516861,1.322164,1963.822806
eight,2,0,2,136.830861,1.318526,1918.847286
eight,2,0,2,139.046861,1.392899,2362.858659
eight,2,0,2,136.128861,1.324969,2154.672999
eight,2,0,2,134.804861,1.256472,1864.701871
eight,2,0,2,131.330861,1.350095,2183.603608
eight,2,0,2,137.426861,1.339198,2618.793923
eight,2,0,2,140.304861,1.441392,2519.99986
eight,2,0,2,139.352861,1.329705,2039.979949
eight,2,0,2,129.594861,1.34572,1765.41119
eight,2,0,2,128.973861,1.339271,1957.849352
eight,2,0,2,131.952861,1.259094,2395.103975
eight,2,0,2,130.430861,1.268754,1916.95008
eight,2,0,2,130.884861,1.362814,2055.450086
eight,2,0,2,132.951861,1.355997,2153.698582
eight,2,0,2,138.212861,1.334181,2691.372088
eight,2,0,2,131.306861,1.264558,1984.421895
eight,2,0,2,134.539861,1.24186,2050.496219
nine,1,1,1,123.236861,1.400701,2867.356515
nine,1,1,1,133.358861,1.370034,3378.034885
nine,1,1,1,145.880861,1.631792,4727.127674
nine,1,1,1,141.486861,1.405865,3506.943928
nine,1,1,1,127.230861,1.417616,2834.117472
nine,1,1,1,177.470861,1.762322,6732.361475
nine,1,1,1,134.432861,1.362228,3336.496211
nine,1,1,1,138.650861,1.420637,3690.079426
nine,1,1,1,135.186861,1.35766,3049.169759
nine,1,1,1,140.403861,1.630603,3943.380566
nine,1,1,1,127.370861,1.464424,3225.833473
nine,1,1,1,137.376861,1.478531,3882.010465
nine,0,2,0,177.752861,1.948869,9450.666318
nine,1,1,1,141.974861,1.468318,3893.038859
nine,1,1,1,149.534861,1.514282,4363.931375
nine,1,1,1,135.044861,1.339365,3242.808674
nine,1,1,1,134.796861,1.340223,3433.305405
nine,1,1,1,129.536861,1.281572,3024.629928
nine,1,1,1,138.906861,1.381086,3649.431492
nine,1,1,1,138.088861,1.465022,3653.943895
nine,1,1,1,148.128861,1.684989,4755.585078
nine,1,1,1,138.178861,1.429059,3696.041719
nine,1,1,1,135.070861,1.437074,3605.527977
nine,1,1,1,139.618861,1.385586,3607.862021
nine,1,1,1,131.778861,1.421388,3017.269037
nine,1,1,1,130.852861,1.430346,3260.08949
nine,1,1,1,134.672861,1.541987,3766.763222
nine,1,1,1,144.994861,1.584932,4479.01039
nine,1,1,1,164.800861,1.583437,5914.604864
nine,1,1,1,138.840861,1.476135,3995.812068
nine,1,1,1,138.816861,1.510611,3958.131954
nine,1,1,1,133.920861,1.564621,3808.021317
nine,1,1,1,148.450861,1.623929,4380.418535
nine,1,1,1,139.096861,1.450297,3412.500862
nine,1,1,1,159.358861,1.615849,5586.482263
nine,1,1,1,131.910861,1.340135,2746.513927
nine,1,1,1,135.168861,1.538819,3747.219262
nine,1,1,1,138.724861,1.516395,3861.449762
nine,1,1,1,132.960861,1.419682,3583.983013
nine,1,1,1,129.306861,1.377709,2787.453038
nine,1,1,1,138.716861,1.39488,3507.900758
nine,1,1,1,135.028861,1.414662,3033.30714
nine,1,1,1,143.026861,1.613885,4249.885793
nine,1,1,1,131.886861,1.367668,3046.965225
nine,1,2,1,139.850861,1.458158,3524.816504
nine,0,3,1,180.340861,1.974264,10788.408397
nine,1,1,1,137.608861,1.432826,3886.525414
nine,1,1,1,133.200861,1.464837,3366.476376
nine,1,1,1,128.775861,1.367185,2948.401601
nine,1,1,1,142.992861,1.440626,4567.220105
nine,1,1,1,162.286861,1.573958,5573.324353
nine,1,1,1,144.712861,1.469243,4203.445812
nine,1,1,1,138.576861,1.442905,3575.016364
nine,1,1,1,146.350861,1.563774,4257.202425
nine,1,1,1,130.380861,1.486734,3279.727211
nine,1,1,1,137.038861,1.378883,3360.468494
nine,1,1,1,133.382861,1.534821,3755.549532
nine,1,1,1,156.952861,1.685543,5663.024169
nine,1,2,2,149.890861,1.65977,4528.578862
nine,1,1,1,130.214861,1.317787,2707.995327
nine,1,1,1,133.564861,1.429206,3456.270609
nine,0,3,1,186.312861,1.950606,11687.239766
nine,1,1,1,152.404861,1.620345,5243.267754
nine,1,1,1,137.186861,1.450333,3740.476333
nine,1,1,1,140.512861,1.516704,3837.232096
nine,1,1,1,128.354861,1.331942,2880.566016
nine,1,1,1,136.252861,1.459019,3523.050061
nine,1,1,1,133.878861,1.346231,3355.432675
nine,1,1,1,154.222861,1.54201,4594.759907
nine,1,1,1,134.928861,1.321973,3476.298443
nine,1,1,1,137.988861,1.413854,3551.972457
nine,1,1,1,161.202861,1.669421,5656.882778
nine,1,1,1,134.672861,1.340656,2783.463557
nine,1,1,1,131.686861,1.473021,3127.842539
nine,1,1,1,144.514861,1.565643,3954.637728
nine,1,1,1,127.080861,1.325012,2986.684377
nine,1,1,1,136.872861,1.418415,3703.130347
nine,1,1,1,150.874861,1.702441,4716.158306
nine,1,1,1,130.894861,1.485332,3634.474219
nine,1,1,1,134.482861,1.302759,2915.846549
nine,1,1,1,138.261861,1.469979,3464.45338
nine,1,1,1,153.082861,1.549213,5036.120711
nine,1,1,1,144.804861,1.536273,4127.367857
nine,1,1,1,137.220861,1.509045,3737.864996
nine,1,1,1,129.826861,1.352719,2943.229821
nine,1,1,1,145.862861,1.367023,4350.236175
nine,1,1,1,137.758861,1.432438,3896.595359
nine,1,1,1,138.650861,1.451608,3776.501007
nine,1,1,1,143.736861,1.373109,3940.943157
nine,1,1,1,161.782861,1.629932,5845.270941
nine,1,1,1,147.854861,1.423925,3669.320722
nine,1,1,1,135.260861,1.495467,3592.353529
nine,1,1,1,157.770861,1.501162,5613.315099
nine,0,2,0,195.864861,2.062003,8714.098781
nine,1,1,1,133.820861,1.400076,3309.147418
nine,1,1,1,149.294861,1.502203,4784.061922
nine,1,1,1,142.016861,1.478723,4026.338356
nine,1,1,1,141.346861,1.401002,3372.372194
nine,1,1,1,135.722861,1.48025,3505.5015
nine,1,1,1,161.500861,1.573794,5848.755866
nine,1,1,1,133.564861,1.349087,3301.989829
