@relation test

@attribute class {zero,one,two,three,four,five,six,seven,eight,nine}
@attribute mor_0 numeric
@attribute mor_1 numeric
@attribute mor_2 numeric
@attribute mor_3 numeric
@attribute mor_4 numeric
@attribute mor_6 numeric

@data
zero,1,0,0,128.419861,1.334423,1634.099606
zero,1,0,0,127.436861,1.193676,1628.764278
zero,1,0,0,126.278861,1.210506,1514.355177
zero,1,0,0,129.676861,1.273593,1830.097057
zero,1,0,0,130.089861,1.332919,1734.783871
zero,1,0,0,133.464861,1.296726,1568.881562
zero,1,0,0,122.904861,1.201994,1439.53494
zero,1,0,0,128.742861,1.292125,1698.454401
zero,1,0,0,127.948861,1.317956,1595.632139
zero,1,0,0,126.394861,1.26536,1803.287201
zero,1,0,0,129.164861,1.234612,1630.91695
zero,1,0,0,136.640861,1.302338,1759.938914
zero,1,0,0,126.939861,1.290469,1732.9834
zero,1,0,0,129.288861,1.255408,1590.042076
zero,1,0,0,133.464861,1.247392,1628.799461
zero,1,0,0,127.758861,1.362188,1549.720967
zero,1,0,0,131.794861,1.22375,1713.431751
zero,1,0,0,123.342861,1.343222,1700.900026
zero,1,0,0,122.448861,1.21294,1618.527005
zero,1,0,0,129.098861,1.276454,1664.239391
zero,1,0,0,134.490861,1.295977,1728.132575
zero,1,0,0,133.282861,1.291134,1777.046545
zero,1,0,0,124.996861,1.21807,1692.167937
zero,1,0,0,135.060861,1.252043,1652.290596
zero,1,0,0,127.948861,1.32415,1652.673224
zero,1,0,0,131.554861,1.294393,1768.849417
zero,1,0,0,127.816861,1.461082,1782.537404
zero,1,0,0,135.738861,1.279935,1949.631773
zero,1,0,0,138.442861,1.379906,1918.750472
zero,1,0,0,131.198861,1.287761,1697.677432
zero,1,0,0,125.310861,1.283107,1573.404626
zero,1,0,0,128.800861,1.283,1566.947169
zero,0,2,0,231.276861,2.38708,15215.964412
zero,1,0,0,136.086861,1.495439,1717.339068
zero,1,0,0,130.810861,1.248912,1627.671359
zero,1,0,0,128.667861,1.272193,1640.830426
zero,1,0,0,128.502861,1.338924,1715.132468
zero,1,0,0,134.258861,1.305215,1675.549245
zero,1,0,0,130.082861,1.297389,1680.512659
zero,1,0,0,125.136861,1.298548,1622.168475
zero,1,0,0,144.016861,1.343802,2256.65348
zero,1,0,0,125.600861,1.164346,1497.753302
zero,1,0,0,132.215861,1.26305,1757.956207
zero,1,0,0,130.512861,1.34887,1608.475743
zero,1,0,0,134.804861,1.292236,1619.933005
zero,1,0,0,127.072861,1.18247,1636.628705
zero,1,0,0,134.390861,1.279433,1651.891693
zero,1,0,0,128.973861,1.311147,1752.911256
zero,1,0,0,139.972861,1.313272,1997.273622
zero,1,0,0,126.186861,1.208926,1580.812573
zero,1,0,0,128.146861,1.212417,1726.835761
zero,1,0,0,130.280861,1.298552,1705.019387
zero,1,0,0,131.256861,1.236981,1638.090031
zero,1,0,0,137.880861,1.361614,1769.867
zero,1,0,0,130.230861,1.317101,1669.673789
zero,1,0,0,126.782861,1.257423,1604.499945
zero,1,0,0,129.346861,1.305646,1547.263727
zero,1,0,0,128.270861,1.23604,1795.013571
zero,1,0,0,131.934861,1.251781,1555.877738
zero,1,0,0,131.702861,1.337155,1855.10493
zero,1,0,0,129.329861,1.306311,1847.247259
zero,1,0,0,125.170861,1.180945,1541.397831
zero,1,0,0,134.746861,1.322585,1753.236205
zero,1,0,0,139.666861,1.463253,2154.437406
zero,1,0,0,134.820861,1.276998,1897.196661
zero,1,0,0,121.572861,1.248125,1530.151156
zero,1,0,0,131.372861,1.358671,1638.356526
zero,1,0,0,133.298861,1.354236,1880.481171
zero,1,0,0,135.978861,1.303489,1853.991544
zero,1,0,0,133.018861,1.294699,1813.312452
zero,1,0,0,129.403861,1.310423,1731.031579
zero,1,0,0,131.562861,1.263348,1544.092522
zero,1,0,0,133.150861,1.311693,1620.221779
zero,1,0,0,123.945861,1.239283,1634.678494
zero,1,0,0,125.219861,1.24423,1602.840912
zero,1,0,0,126.998861,1.26663,1542.462627
zero,1,0,0,136.226861,1.329887,1877.636421
zero,1,0,0,123.236861,1.365678,2097.188584
zero,1,0,0,126.882861,1.22769,1707.518308
zero,1,0,0,134.820861,1.249143,1623.20697
zero,1,0,0,136.110861,1.272122,1819.020085
zero,1,0,0,127.262861,1.329637,1647.720235
zero,1,0,0,126.998861,1.192205,1629.070635
zero,1,0,0,128.122861,1.238959,1508.249286
zero,1,0,0,124.136861,1.263616,1560.034174
zero,1,0,0,125.070861,1.273953,1558.653074
zero,1,0,0,131.868861,1.299064,1677.247402
zero,1,0,0,125.186861,1.196588,1607.212267
zero,1,0,0,132.124861,1.391938,1653.62841
one,0,3,1,135.202861,1.353539,3880.477799
one,0,3,1,135.160861,1.295648,2982.128008
one,0,3,1,141.222861,1.404113,4416.103747
one,0,2,0,136.822861,1.273891,2779.175037
one,0,2,0,136.094861,1.288339,3050.003532
one,0,3,1,130.818861,1.318817,3223.869449
one,0,2,0,140.188861,1.363674,2842.992478
one,0,3,1,134.010861,1.342451,3413.02932
one,0,2,0,130.363861,1.282674,2429.448923
one,0,2,0,127.552861,1.281806,2914.535192
one,0,4,2,136.185861,1.474322,3943.681013
one,0,2,0,123.342861,1.438571,2738.415961
one,0,2,0,130.092861,1.415676,3100.755545
one,0,2,0,153.222861,1.603066,5853.127996
one,0,3,1,145.266861,1.460744,4527.256946
one,0,2,0,134.424861,1.374619,3432.422035
one,0,2,0,130.818861,1.329903,2834.456024
one,0,3,1,145.464861,1.366312,3670.647131
one,0,2,0,145.448861,1.353467,3350.713203
one,0,2,0,137.798861,1.401772,3648.335381
one,0,2,0,132.580861,1.334876,3552.805839
one,0,3,1,132.382861,1.289276,3256.693019
one,0,3,1,135.615861,1.346694,3253.932959
one,0,2,0,145.058861,1.28951,3239.715038
one,0,2,0,136.144861,1.462082,3576.912855
one,0,3,1,143.380861,1.376832,3845.846275
one,0,2,0,128.536861,1.547521,3634.413998
one,0,3,1,132.976861,1.283637,3294.15124
one,0,3,1,145.200861,1.497661,5041.668302
one,0,2,0,136.102861,1.339141,3045.174816
one,0,2,0,135.300861,1.29178,2295.147814
one,0,2,0,140.610861,1.333344,3467.170077
one,0,2,0,135.152861,1.404386,3247.438041
one,0,2,0,138.642861,1.407615,3198.815151
one,0,3,1,143.976861,1.524258,4804.798169
one,0,3,1,135.482861,1.311673,3767.82304
one,0,3,1,139.238861,1.444885,3672.318014
one,0,3,1,140.568861,1.337488,3745.487184
one,0,3,1,131.174861,1.304211,3276.901804
one,0,2,0,130.570861,1.248051,2838.268786
one,0,3,1,140.081861,1.484068,4474.208679
one,0,3,1,148.400861,1.456604,4637.840506
one,0,3,1,136.616861,1.404436,3771.59765
one,0,2,0,137.062861,1.337247,3381.278613
one,0,2,0,131.545861,1.280362,2864.290187
one,0,2,0,132.869861,1.272218,3383.751039
one,0,3,1,144.398861,1.525507,5269.595167
one,0,2,0,163.220861,1.700665,6735.687044
one,0,3,1,142.082861,1.31785,3822.730542
one,0,2,0,130.859861,1.243694,2297.983986
one,0,3,1,142.686861,1.359963,3636.169444
one,0,2,0,132.290861,1.307212,3196.295811
one,0,2,0,134.597861,1.325947,3491.201695
one,0,2,0,132.092861,1.282635,2831.14757
one,0,3,1,136.078861,1.475338,4657.636548
one,0,2,0,136.988861,1.34054,3296.954904
one,0,4,4,155.074861,1.512981,4419.579881
one,0,2,0,122.854861,1.437803,2607.936455
one,0,3,1,141.470861,1.515987,5416.707511
one,0,3,1,139.676861,1.547861,3766.469832
one,0,3,1,132.604861,1.266766,3294.542949
one,0,2,0,129.024861,1.410364,3052.154646
one,0,2,0,130.084861,1.576239,3396.473985
one,0,2,0,144.472861,1.351759,3132.833589
one,0,2,0,132.770861,1.286175,2900.261136
one,0,3,1,135.292861,1.349351,3449.626923
one,0,2,0,140.130861,1.350325,3655.555177
one,0,2,0,133.754861,1.288134,2821.708852
one,0,2,0,139.419861,1.361058,2385.083143
one,0,3,1,142.528861,1.408378,4734.158167
one,0,2,0,137.170861,1.281326,2916.292406
one,0,2,0,137.748861,1.278342,3213.045328
one,0,2,0,138.030861,1.32854,2935.398334
one,0,2,0,140.990861,1.221036,2197.882162
one,0,3,1,138.269861,1.344208,2626.221609
one,0,3,1,141.876861,1.491559,4718.591999
one,0,2,0,139.204861,1.430091,3566.38149
one,0,2,0,148.756861,1.675862,4918.628047
one,0,3,1,139.658861,1.384271,4088.052863
one,0,2,0,144.149861,1.287839,2574.880441
one,0,3,1,142.686861,1.517025,4909.856848
one,0,2,0,140.172861,1.409521,3187.611963
one,0,2,0,139.948861,1.353317,3198.097891
one,0,3,1,139.584861,1.298194,3055.208616
one,0,3,5,150.543861,1.601697,4951.456401
one,0,3,1,133.332861,1.483292,4427.264998
one,0,2,0,133.994861,1.301875,2844.444322
one,0,2,0,132.720861,1.28569,2755.062839
one,0,3,1,129.990861,1.23125,2034.494568
one,0,2,0,137.723861,1.281582,2761.859542
one,0,3,1,139.584861,1.314732,4147.567799
one,0,2,0,130.578861,1.233348,2197.130197
one,0,2,0,144.580861,1.346122,3621.026756
one,0,2,0,136.086861,1.340616,3582.058458
one,0,2,0,139.692861,1.521276,4354.333826
one,0,2,0,133.208861,1.288899,2416.307941
one,0,2,0,132.216861,1.293065,2762.74753
one,0,2,0,146.233861,1.375825,3239.991246
one,0,3,1,137.724861,1.495394,4753.669933
one,0,2,0,133.290861,1.325249,3081.266706
one,0,3,1,142.272861,1.383946,4014.584125
one,0,3,1,157.316861,1.751471,6954.974642
one,0,3,0,139.394861,1.379951,3790.135953
one,0,3,1,138.037861,1.286606,3489.973118
two,0,2,0,197.130861,1.967326,10926.199659
two,0,3,1,192.200861,2.040554,10614.393048
two,0,3,1,184.698861,1.94989,9398.358074
two,0,2,0,194.020861,2.055514,10945.464512
two,0,2,0,175.692861,1.965263,9308.355267
two,0,2,0,164.262861,1.924068,8348.204419
two,0,2,0,199.586861,2.196566,12487.673053
two,0,2,0,206.838861,2.024075,12424.144391
two,0,2,0,176.272861,1.640298,8604.065581
two,0,2,0,168.836861,1.912786,8950.947076
two,0,2,0,190.885861,1.993,10160.088215
two,0,2,0,144.630861,1.526887,4735.332786
two,0,3,0,185.286861,1.946579,9900.675466
two,0,2,0,187.900861,2.160357,10395.694761
two,0,2,0,188.520861,1.943182,10355.376555
two,0,2,0,172.194861,1.932221,8935.584052
two,0,2,0,182.722861,1.913021,9699.206349
two,0,2,0,177.844861,1.838054,8575.661498
two,0,2,0,183.236861,1.828667,9885.668003
two,0,2,0,185.676861,1.995461,11184.708343
two,0,2,0,163.849861,1.784349,7033.617718
two,0,2,0,190.298861,1.985512,11316.466084
two,0,2,0,182.838861,1.967819,9629.454458
two,0,2,0,162.386861,1.791254,7395.956163
two,0,2,0,201.100861,2.003188,11771.377278
two,0,2,0,196.550861,1.954214,11507.50873
two,0,2,0,176.709861,1.781455,8826.387131
two,0,2,0,176.974861,1.842717,9360.566431
two,0,3,1,197.592861,2.010033,11201.396538
two,0,2,0,180.266861,2.043928,10484.021251
two,0,2,0,171.368861,1.938348,8498.500953
two,0,2,0,198.626861,2.104311,11288.750651
two,1,1,1,159.722861,1.657448,5540.35815
two,0,2,0,203.804861,2.040325,12260.313863
two,0,2,0,194.012861,1.899707,10621.097542
two,0,2,0,156.092861,1.60893,5997.794663
two,0,2,0,194.864861,1.999253,10878.2649
two,0,2,0,187.610861,1.99465,9487.464661
two,0,2,0,193.002861,1.836388,10251.059662
two,0,2,0,197.866861,2.164499,11817.640146
two,0,2,0,192.110861,2.188854,11248.936007
two,0,2,0,174.974861,2.063824,10287.065861
two,0,2,0,182.764861,1.877596,9377.221221
two,0,2,0,195.020861,2.041775,10576.933088
two,0,2,0,200.198861,2.3172,11504.647461
two,0,2,0,177.174861,2.040429,9774.504211
two,0,2,0,195.236861,2.127745,11077.545687
two,0,2,0,199.710861,1.927826,11420.755384
two,0,2,0,193.260861,2.026141,11076.601022
two,0,2,0,161.616861,1.770618,6720.473842
two,0,2,0,157.886861,1.756449,6514.907249
two,0,2,0,205.912861,2.038452,12582.807804
two,0,2,0,221.212861,2.218795,14512.738685
two,0,3,1,177.024861,1.870185,9013.051976
two,0,2,0,181.432861,1.920799,9503.117046
two,0,2,0,190.992861,1.985973,10628.615973
two,0,2,0,200.520861,2.031907,12182.097504
two,0,2,0,197.874861,2.053352,10906.43064
two,0,2,0,197.666861,2.178754,11745.041372
two,0,2,0,206.590861,2.084024,12109.130588
two,0,3,1,192.646861,2.01692,11262.432365
two,0,2,0,184.964861,1.772045,9752.960413
two,0,2,0,191.522861,1.938229,10846.810857
two,0,2,0,188.296861,1.825141,8658.349388
two,0,2,0,193.102861,2.027287,10775.343598
two,0,2,0,200.942861,2.111057,12115.815796
two,0,2,0,200.668861,2.122952,11510.314943
two,0,2,0,190.150861,1.885902,11846.521116
two,0,2,0,188.098861,1.929836,10866.637576
two,0,2,0,180.754861,1.908253,9236.347017
two,0,2,0,204.382861,2.123762,12497.722802
two,0,2,0,190.944861,2.109499,9958.568754
two,0,2,0,208.716861,2.104126,12055.420322
two,0,2,0,192.498861,1.990842,10969.884586
two,0,2,0,197.734861,2.16143,11864.419656
two,0,2,0,194.706861,2.077484,10844.623006
two,0,2,0,200.570861,2.102779,11487.182576
two,0,2,0,169.936861,1.787797,8925.453146
two,0,2,0,192.680861,1.984737,11143.196259
two,0,2,0,183.384861,2.062686,10864.253642
two,0,3,1,203.770861,2.025999,12442.14279
two,0,2,0,178.330861,1.894641,9203.619536
two,0,2,0,175.800861,1.841819,9071.296402
two,0,2,0,162.403861,1.616716,6738.528577
two,0,2,0,180.572861,1.990338,9018.823006
two,0,2,0,201.934861,2.351188,12998.871847
two,0,2,0,185.451861,1.995942,10102.218858
two,0,2,0,198.188861,1.997991,11721.200167
two,0,2,0,199.552861,2.048706,11627.201229
two,0,2,0,165.546861,1.697337,6474.977916
two,0,2,0,176.776861,1.878131,8604.726175
two,0,2,0,184.782861,2.03364,9803.585155
two,0,2,0,169.020861,1.98494,10014.861858
two,0,2,0,200.768861,2.066672,11587.085794
two,0,2,0,180.084861,2.065354,10383.516035
two,0,2,0,197.262861,2.08986,9520.673751
two,0,2,0,200.455861,2.135772,12815.776719
two,0,2,0,143.852861,1.588024,4790.233746
two,0,2,0,190.256861,1.918026,10275.862944
two,0,2,0,189.100861,2.095565,10524.65185
two,0,2,0,195.542861,1.960083,11127.522887
two,0,2,0,223.296861,2.55883,13018.090821
two,0,2,0,183.070861,2.094414,11134.715721
two,0,2,0,169.382861,1.925193,8596.957479
two,0,2,0,189.346861,2.169786,10841.254857
two,0,2,0,193.812861,1.886418,10154.279974
two,0,2,0,193.068861,1.957658,10291.735735
two,0,2,0,202.538861,2.360232,13014.443008
two,0,2,0,187.338861,1.916974,9772.330884
two,0,2,0,180.052861,1.847286,9837.072335
two,0,3,1,176.346861,1.904893,8661.646275
two,0,2,0,185.526861,2.049642,10041.996664
two,0,2,0,188.678861,2.05935,11500.401738
two,0,3,1,206.194861,2.065553,12718.16452
two,0,2,0,189.910861,1.961442,10494.54043
three,0,4,2,183.310861,1.932532,9301.735274
three,0,2,0,180.042861,1.978465,8943.06283
three,0,4,2,194.640861,2.130812,12182.301677
three,0,4,2,194.550861,2.142774,12453.85598
three,0,3,1,198.220861,2.051398,13164.427582
three,0,3,1,167.886861,1.835163,8525.265406
three,0,3,1,161.022861,1.680057,7692.524861
three,0,4,2,175.974861,1.891194,9061.175027
three,0,4,2,163.412861,1.723964,7456.090335
three,0,3,1,207.674861,2.301397,14634.753374
three,0,4,2,187.032861,1.884321,10698.328634
three,0,3,1,176.454861,1.816388,9791.829075
three,0,3,1,166.704861,1.830507,8052.601609
three,0,3,1,183.152861,1.993077,9901.108292
three,0,2,0,186.080861,2.071711,10529.158964
three,0,3,1,158.640861,1.702437,6889.133154
three,0,4,2,203.794861,2.201386,13935.999485
three,0,3,1,175.304861,1.881265,7975.417421
three,0,2,0,145.912861,1.655749,5204.765756
three,0,2,0,152.634861,1.649967,5666.238254
three,0,3,1,165.662861,1.869305,8728.791999
three,0,3,1,195.112861,2.026062,12050.609485
three,0,3,1,206.714861,2.065559,12370.023331
three,0,3,1,195.392861,2.030346,11234.781059
three,0,3,1,179.200861,1.906591,8873.645224
three,0,4,2,163.454861,1.716028,7601.00931
three,0,3,1,174.866861,1.876565,8755.626201
three,0,3,1,192.010861,2.002006,11134.455481
three,0,4,2,201.752861,2.00469,12247.228131
three,0,3,1,179.026861,1.84903,8527.506976
three,0,2,0,172.012861,1.778974,8697.084662
three,0,3,1,153.678861,1.739656,6301.463176
three,0,3,1,187.288861,1.964888,10659.025006
three,0,3,1,183.442861,1.982998,10757.710501
three,0,3,1,170.094861,1.783269,8538.213152
three,0,3,1,198.526861,1.945078,11782.603711
three,0,3,1,203.091861,2.221656,13438.731435
three,0,3,1,180.052861,2.009299,9421.332398
three,0,3,1,171.268861,1.824797,7661.911104
three,0,4,2,158.508861,1.708454,7317.155703
three,0,3,1,176.298861,1.847037,9528.447663
three,0,3,1,203.464861,2.246094,12199.940871
three,0,3,1,170.664861,1.768602,7245.337192
three,0,2,0,157.556861,1.609052,5877.716905
three,0,2,0,168.624861,1.915023,8822.056707
three,0,3,1,174.262861,1.906291,9209.637083
three,0,3,1,175.701861,1.874705,7955.096455
three,0,3,1,186.932861,2.084446,10726.28569
three,0,3,1,190.314861,2.023399,10211.824353
three,0,3,1,193.944861,2.200793,11751.944647
three,0,3,1,193.978861,1.973269,10038.948656
three,0,2,0,179.514861,1.926444,9187.86672
three,0,4,2,172.220861,1.82071,8677.42931
three,0,4,2,191.398861,2.079718,11453.373893
three,0,3,1,157.672861,1.772074,7814.674346
three,0,3,1,175.362861,1.829675,9222.736469
three,0,3,1,190.348861,2.190323,10871.545381
three,0,3,1,184.814861,1.945672,10767.472032
three,0,2,0,183.144861,2.034276,9036.091978
three,0,3,1,200.734861,2.173116,12567.869557
three,0,3,1,178.522861,1.955835,8373.783023
three,0,3,1,206.640861,2.156019,12907.011054
three,0,2,0,171.566861,1.749838,9298.727567
three,0,3,1,170.358861,1.975145,9086.685067
three,0,4,2,152.760861,1.725102,6333.395227
three,0,3,1,165.082861,1.643385,8263.715861
three,0,2,0,165.008861,1.861926,8109.946227
three,0,3,1,193.590861,1.92002,11953.478108
three,0,3,1,194.888861,2.195575,10933.300758
three,0,2,0,137.742861,1.525253,3801.706956
three,0,4,2,179.704861,1.869869,9534.49311
three,0,2,0,154.504861,1.627712,6124.557304
three,0,2,0,172.252861,1.822329,8623.000595
three,0,4,2,211.362861,2.202276,15845.420424
three,0,3,1,183.880861,1.949463,10131.451469
three,0,3,1,162.693861,1.681466,6887.740974
three,0,4,2,182.714861,1.969353,10743.908863
three,0,4,2,187.346861,2.006142,11269.239772
three,0,3,1,217.854861,2.374242,16356.147439
three,0,3,1,169.888861,1.787292,8188.013445
three,0,3,1,172.932861,2.003297,10281.3982
three,0,3,1,175.726861,1.855172,8390.676164
three,0,4,2,162.776861,1.780643,6368.285117
three,0,3,1,192.845861,2.04019,11367.298734
three,0,3,1,210.370861,2.231881,15242.065184
three,0,3,1,182.144861,1.932423,10334.978467
three,0,3,1,169.746861,1.852715,8150.843615
three,0,3,1,183.674861,1.950035,10405.731533
three,0,3,1,189.496861,1.901882,10333.620816
three,0,3,1,187.362861,2.076305,11248.090349
three,0,3,1,170.028861,1.746755,8077.610813
three,0,2,0,192.630861,1.879394,11076.026497
three,0,3,1,202.786861,2.069609,12568.45198
three,0,3,1,181.896861,1.896552,9601.784946
three,0,3,1,171.078861,1.89585,8202.033797
three,0,3,1,187.048861,2.021979,11459.15406
three,0,3,1,165.496861,1.887162,8692.21883
three,0,3,1,178.712861,1.80511,9524.782811
three,0,3,1,146.888861,1.81363,6882.786349
three,0,3,1,179.390861,1.872984,9118.29772
three,0,3,1,188.164861,2.050672,10296.852115
three,0,3,1,158.078861,1.753141,6033.595279
three,0,3,1,185.171861,2.016549,10421.047334
three,0,3,1,174.998861,1.973073,9505.015895
three,0,4,2,192.540861,2.076777,11453.769685
three,0,4,2,180.580861,1.966552,9788.188629
four,0,3,1,163.336861,1.856474,8800.601211
four,0,3,1,169.712861,1.862126,9081.41122
four,0,2,0,154.918861,1.776731,6394.658383
four,0,4,2,165.058861,1.893024,6946.706574
four,0,3,1,158.176861,1.767943,8837.690048
four,0,4,2,164.214861,1.824012,7819.851763
four,0,2,0,162.568861,1.749662,7734.9652
four,0,3,1,149.914861,1.690256,6906.8691
four,0,3,1,174.650861,1.841235,9831.743035
four,0,3,1,161.566861,1.823087,8481.510965
four,0,3,1,165.172861,1.934727,9146.979155
four,0,4,2,167.852861,1.768334,8463.835796
four,0,3,1,152.188861,1.757077,7573.708287
four,0,2,0,145.812861,1.629751,5873.688014
four,0,3,1,159.880861,1.691441,7813.04669
four,0,3,1,159.458861,1.696548,7908.003397
four,0,3,1,162.345861,1.740938,8835.079006
four,0,2,0,145.448861,1.550802,5775.93994
four,0,3,1,174.346861,1.827847,9602.322663
four,0,3,1,166.016861,1.788073,8751.433836
four,0,3,1,149.675861,1.732422,5827.969893
four,0,3,1,152.370861,1.678205,6924.095828
four,0,2,0,152.654861,1.723905,5971.706517
four,0,3,1,161.344861,1.720288,7030.037441
four,0,3,1,145.481861,1.657577,5967.158091
four,0,3,1,167.802861,1.858113,8587.880461
four,0,3,1,165.172861,1.796082,8123.28509
four,0,3,1,162.476861,1.83189,7243.715822
four,0,3,1,153.528861,1.766639,7098.600319
four,0,3,1,167.298861,1.821909,9237.2203
four,0,2,0,133.788861,1.3302,3193.355246
four,0,2,0,163.222861,1.900452,7578.850897
four,0,3,1,156.604861,1.794585,7836.867484
four,0,3,1,155.794861,1.694106,6382.724165
four,0,3,1,146.044861,1.66535,6194.822697
four,0,4,2,139.370861,1.525749,4872.028407
four,0,3,1,158.706861,1.67902,8574.682952
four,0,4,2,145.606861,1.699693,6961.110328
four,0,2,0,152.264861,1.693906,5996.528818
four,0,3,1,179.902861,1.824159,9869.987315
four,0,2,0,149.128861,1.672072,6858.852431
four,0,3,1,156.564861,1.593708,7486.876656
four,0,3,1,152.776861,1.693032,7281.139939
four,0,3,1,165.602861,1.908752,9296.397125
four,0,3,1,176.394861,1.883446,9628.850209
four,0,3,1,152.850861,1.787317,7950.140298
four,0,4,2,169.606861,1.986664,9267.358036
four,0,3,1,159.226861,1.858682,8155.175753
four,0,3,1,170.136861,1.94325,8860.475273
four,0,2,0,159.044861,1.708009,6636.697544
four,0,3,1,152.164861,1.777768,8090.030824
four,0,3,1,159.624861,1.876223,7075.751414
four,0,3,1,152.006861,1.722116,7239.598485
four,0,6,2,114.718861,1.460458,4695.095258
four,0,4,2,158.094861,1.679648,7023.251119
four,0,4,2,168.414861,1.86489,9126.645095
four,0,3,1,177.908861,1.962473,9006.607064
four,0,3,1,168.530861,1.645248,7900.774068
four,0,2,0,162.394861,1.750339,7507.13
four,0,2,0,158.648861,1.71372,7364.014909
four,0,3,1,157.026861,1.667119,7316.139782
four,0,3,1,163.620861,1.738358,8313.907844
four,0,3,1,177.371861,1.952078,10193.536265
four,0,3,1,151.882861,1.698929,6699.969838
four,0,3,1,153.602861,1.768963,7176.366224
four,0,3,1,152.950861,1.641376,5971.371266
four,0,2,0,145.937861,1.715346,5492.611957
four,0,2,0,152.122861,1.771212,6661.762288
four,0,3,1,149.740861,1.711696,6359.740555
four,0,3,1,155.248861,1.750396,6838.153574
four,0,4,2,168.406861,1.90179,9563.352099
four,0,3,1,165.892861,1.74283,8894.771329
four,0,3,1,152.238861,1.67293,6403.842055
four,0,3,1,159.756861,1.707018,7929.071697
four,0,3,1,159.152861,1.807453,9255.027412
four,0,4,2,175.346861,1.958316,9890.350184
four,0,3,1,172.466861,1.737572,8243.743408
four,0,2,0,168.200861,1.807647,8384.333374
four,0,3,1,165.678861,1.749094,6871.440367
four,0,2,0,161.262861,1.74967,6405.390424
four,0,3,1,163.014861,1.893199,8200.816662
four,0,5,1,99.508861,1.549958,3579.871402
four,0,2,0,163.296861,1.880604,7781.640151
four,0,3,1,171.252861,1.903663,8865.651284
four,0,3,1,168.960861,1.833192,9456.09772
four,0,2,0,148.128861,1.627766,6230.010932
four,0,3,1,171.789861,1.932268,8982.256415
four,0,3,1,166.156861,1.820357,8595.742624
four,0,3,1,154.536861,1.680427,7140.100545
four,0,3,1,176.668861,2.019512,8371.920576
four,1,3,3,146.863861,1.549377,4952.085367
four,0,2,0,150.660861,1.764743,6041.304945
four,0,2,0,152.604861,1.82733,7040.541791
five,0,2,0,193.416861,1.993648,12062.670463
five,0,2,0,192.688861,1.893599,11999.51754
five,0,3,1,207.648861,2.209261,12900.521361
five,0,3,1,189.802861,1.914672,12044.224612
five,0,2,0,199.594861,2.010881,13193.454632
five,0,3,1,198.908861,2.011682,13538.297111
five,0,3,1,165.785861,1.814924,9300.109131
five,0,2,0,178.538861,1.864088,10124.72744
five,0,3,1,164.552861,1.668515,6735.737738
five,0,3,1,178.727861,1.936299,9894.857728
five,0,3,1,169.829861,1.713191,9155.175602
five,0,2,0,189.470861,2.162305,10536.854736
five,0,3,1,216.761861,2.087538,14591.280728
five,0,3,1,212.064861,1.976588,14630.500745
five,0,2,0,191.670861,2.08422,10765.335704
five,0,3,1,214.355861,2.082652,15228.181591
five,0,3,1,224.403861,2.272451,16731.348249
five,0,3,1,193.820861,1.909364,11318.949009
five,0,3,1,219.392861,2.214583,14739.107796
five,0,3,1,227.068861,2.305388,17080.824219
five,0,3,1,185.608861,1.835192,11030.049517
five,0,3,1,175.734861,1.902471,9847.824736
five,0,2,0,195.185861,2.015923,12302.188377
five,0,3,1,211.254861,2.077313,13534.033707
five,0,3,1,192.282861,1.983284,12149.882392
five,0,3,1,217.290861,2.131492,17242.285328
five,0,3,1,213.098861,2.300201,15243.975531
five,0,3,1,214.884861,2.148545,14945.871904
five,0,3,1,197.832861,2.009862,12181.286853
five,0,2,0,189.950861,2.153729,11182.276632
five,0,2,0,208.368861,2.165181,14598.332551
five,0,3,1,191.770861,1.882295,11819.865416
five,0,3,1,190.810861,2.159993,12616.408938
five,0,3,1,186.246861,1.962115,11315.088636
five,0,2,0,202.760861,2.023512,12496.367184
five,0,3,1,213.644861,2.193381,15399.360539
five,0,2,0,184.914861,1.93597,11989.411591
five,0,2,0,180.679861,2.068762,9746.836405
five,0,3,1,206.920861,2.388978,13600.93712
five,0,3,1,191.894861,1.871094,11377.510308
five,0,2,0,184.360861,1.914413,9131.487764
five,0,3,1,185.062861,2.021396,10928.326301
five,0,3,1,210.468861,2.025752,15197.649236
five,0,3,1,197.774861,2.158629,12291.34914
five,0,3,1,204.416861,2.033685,14748.108141
five,0,3,1,193.169861,1.919406,13072.870192
five,0,2,0,159.633861,1.781434,6340.380787
five,0,3,1,221.409861,2.255248,16320.754401
five,0,2,0,176.858861,1.880336,9021.524961
five,0,3,1,209.732861,2.125253,15496.207243
five,0,3,1,216.596861,2.145541,15700.488198
five,0,3,1,203.620861,1.972511,12767.03297
five,0,2,0,185.412861,1.939848,11749.992101
five,0,2,0,201.503861,2.035313,12698.626041
five,0,3,1,213.370861,2.199324,14820.644607
five,0,3,1,187.784861,1.855568,12254.040031
five,0,3,1,198.510861,2.008949,12215.266435
five,0,3,1,197.610861,2.247855,13660.703386
five,0,3,1,186.666861,1.915144,11283.444567
five,0,2,0,175.874861,1.99413,9390.633908
five,0,3,1,201.734861,2.009504,13699.032164
five,0,3,1,176.238861,2.031343,9681.489502
five,0,2,0,202.926861,1.965788,13519.38882
five,0,2,0,181.192861,1.887923,9893.580911
five,0,2,0,169.606861,1.716437,9130.225747
five,0,2,0,209.690861,2.099251,14252.117936
five,0,3,1,217.986861,2.125508,15088.926868
five,0,3,1,187.776861,1.804195,10927.117573
five,0,3,1,189.801861,1.763316,11438.778214
five,0,3,1,197.278861,2.054128,12679.956909
five,0,3,1,169.855861,1.952888,9872.10531
five,0,3,1,212.470861,2.190048,14876.745098
five,0,3,1,179.480861,1.866269,10479.969414
five,0,3,1,201.934861,1.940228,12500.566867
five,0,3,1,190.472861,1.935089,11436.202316
five,0,3,1,193.664861,1.904347,13225.580607
five,0,3,1,199.395861,1.943073,13363.326997
five,0,2,0,211.320861,2.09846,13706.803401
five,0,2,0,180.092861,2.037025,9605.468984
five,0,3,1,171.012861,1.948469,9400.383843
five,0,3,1,194.474861,2.001882,12748.978611
five,0,2,0,201.206861,2.119719,12258.619978
five,0,3,1,214.736861,2.124498,15319.350652
five,0,2,0,187.386861,2.119527,10299.711876
five,0,2,0,180.225861,1.946794,11082.962327
five,0,2,0,179.076861,1.806472,10529.917055
five,0,3,1,205.183861,2.357109,12791.59489
five,0,2,0,193.606861,2.09595,13252.184397
five,0,3,1,205.540861,2.122872,14013.704093
five,0,2,0,196.046861,1.989139,12145.220115
five,0,3,1,207.970861,2.050008,13458.901259
five,0,3,1,206.366861,1.994414,13477.732887
five,0,2,0,216.886861,2.153731,15639.270447
five,0,3,1,190.108861,1.95694,12037.737847
five,0,3,1,207.260861,2.006589,14217.788152
five,0,3,1,180.548861,1.814374,10620.2555
five,0,3,1,199.388861,2.22508,14037.38861
five,0,3,1,181.558861,1.990598,11738.892888
five,0,3,1,221.658861,2.182271,16295.564274
five,0,2,0,174.220861,2.028505,9504.139244
five,0,3,1,206.010861,2.145049,13672.784803
five,0,3,1,226.462861,2.321903,17572.199943
five,0,3,1,201.016861,2.10455,13094.210522
five,0,3,1,206.598861,2.024164,14745.69674
five,0,2,0,182.134861,1.883656,9684.053766
five,0,2,0,203.480861,1.969993,13239.52595
five,0,3,1,210.660861,2.187514,15847.073122
five,0,2,0,170.664861,1.869745,7974.71243
five,0,3,1,202.538861,2.11322,14753.543904
six,1,1,1,148.698861,1.583194,4722.321164
six,1,1,1,171.326861,1.61913,6641.598612
six,1,1,1,151.890861,1.556296,4766.838427
six,1,1,1,161.782861,1.629932,5845.270941
six,1,1,1,136.690861,1.469011,3634.575642
six,1,1,1,140.188861,1.490467,3541.766622
six,1,1,1,139.618861,1.385586,3607.862021
six,1,1,1,140.494861,1.446224,3752.246386
six,1,1,1,141.950861,1.529987,4273.277504
six,1,1,1,145.880861,1.631792,4727.127674
six,1,1,1,130.678861,1.33456,2708.419536
six,1,1,1,150.204861,1.641882,4521.846761
six,1,1,1,133.358861,1.370034,3378.034885
six,1,1,1,136.740861,1.369799,3674.613336
six,1,1,1,171.996861,1.786024,6515.445589
six,1,1,1,134.962861,1.377408,3387.866166
six,1,1,1,156.952861,1.685543,5663.024169
six,1,1,1,134.110861,1.387921,3158.131629
six,1,1,1,133.622861,1.33688,3103.297143
six,1,1,1,152.288861,1.626056,5557.811709
six,1,1,1,130.942861,1.514323,3510.701878
six,1,1,1,133.126861,1.336972,2968.131873
six,1,1,1,136.790861,1.384336,3384.28946
six,1,1,1,143.298861,1.432786,4600.991649
six,1,1,1,154.884861,1.451577,4985.377018
six,1,1,1,138.898861,1.395824,3744.705281
six,1,1,1,160.144861,1.525486,5962.293154
six,1,1,1,136.872861,1.418415,3703.130347
six,1,1,1,131.604861,1.500691,3172.705144
six,1,1,1,146.624861,1.578063,4312.652687
six,1,1,1,157.770861,1.501162,5613.315099
six,1,1,1,167.182861,1.642946,5841.681693
six,1,1,1,139.312861,1.426479,3833.659194
six,1,1,1,133.340861,1.391232,3276.395058
six,1,1,1,132.464861,1.343152,3124.956408
six,1,1,1,144.712861,1.469243,4203.445812
six,1,2,2,149.890861,1.65977,4528.578862
six,1,1,1,137.022861,1.346556,3593.774748
six,1,1,1,140.386861,1.548576,3944.362536
six,1,1,1,136.020861,1.390027,3244.831236
six,1,1,1,139.038861,1.390192,3757.750943
six,1,1,1,144.994861,1.584932,4479.01039
six,1,1,1,137.376861,1.478531,3882.010465
six,1,1,1,135.722861,1.48025,3505.5015
six,1,1,1,166.546861,1.848482,6782.349521
six,1,1,1,152.404861,1.620345,5243.267754
six,1,1,1,139.188861,1.36125,3415.757077
six,1,1,1,142.992861,1.440626,4567.220105
six,1,1,1,131.290861,1.241465,2419.457886
six,1,1,1,134.152861,1.506539,3872.733546
six,1,1,1,145.662861,1.514625,3993.685699
six,1,1,1,130.703861,1.344543,3161.165244
six,1,1,1,133.696861,1.490824,3368.277093
six,1,1,1,131.554861,1.400662,3258.891919
six,1,1,1,137.616861,1.411906,3772.102425
six,1,1,1,134.838861,1.442839,3505.648025
six,1,1,1,142.520861,1.321912,3435.96684
six,1,1,1,164.388861,1.725833,5683.979284
six,1,1,1,135.044861,1.483988,3865.489708
six,1,1,1,134.498861,1.447556,3773.011581
six,1,1,1,142.016861,1.478723,4026.338356
six,1,1,1,135.110861,1.385279,3389.102913
six,1,1,1,141.974861,1.468318,3893.038859
six,1,1,1,137.872861,1.329343,3504.253132
six,1,1,1,134.632861,1.509539,3598.942779
six,1,1,1,141.810861,1.490865,3927.745016
six,1,1,1,171.946861,1.766459,6143.414859
six,1,1,1,135.260861,1.495467,3592.353529
six,1,1,1,148.450861,1.623929,4380.418535
six,1,1,1,133.920861,1.564621,3808.021317
six,1,1,1,161.202861,1.669421,5656.882778
six,1,1,1,146.490861,1.441351,3786.027658
six,1,1,1,134.052861,1.364553,3101.21277
six,1,1,1,151.162861,1.542743,4900.632511
six,1,1,1,160.004861,1.708443,5346.433307
six,1,1,1,138.502861,1.444103,3744.579494
six,1,1,1,148.162861,1.623221,4515.299677
six,1,1,1,132.960861,1.419682,3583.983013
six,1,1,1,135.186861,1.35766,3049.169759
six,1,1,1,135.168861,1.438116,3426.276997
six,1,1,1,142.372861,1.539036,4074.165662
six,1,1,1,142.720861,1.598961,4312.91426
six,1,1,1,140.214861,1.389782,3632.041577
six,1,1,1,130.852861,1.430346,3260.08949
six,1,1,1,132.432861,1.47328,3333.168392
six,1,1,1,131.910861,1.340135,2746.513927
six,1,1,1,135.168861,1.543856,3889.058587
six,1,1,1,149.634861,1.542364,4258.511802
six,1,1,1,132.994861,1.398182,3345.732634
six,1,1,1,136.938861,1.45077,3536.37416
six,1,1,1,141.346861,1.401002,3372.372194
six,1,1,1,144.108861,1.482439,4300.67317
six,1,1,1,134.796861,1.340223,3433.305405
six,1,1,1,146.102861,1.51714,4197.467961
six,1,1,1,131.504861,1.514472,3631.004541
six,1,1,1,149.244861,1.56576,4420.081123
six,1,1,1,149.534861,1.514282,4363.931375
six,1,1,1,133.688861,1.416339,3347.27832
six,1,1,1,167.272861,1.592477,5751.337094
six,1,1,1,140.594861,1.548505,3612.776887
seven,0,2,0,141.908861,1.630219,4761.696756
seven,0,2,0,170.870861,1.895008,7771.979905
seven,0,2,0,150.558861,1.768127,5307.033963
seven,0,2,0,153.528861,1.698746,5613.870729
seven,0,2,0,152.742861,1.62625,5287.995946
seven,0,2,0,153.950861,1.815847,5858.313683
seven,0,3,1,169.258861,1.769623,7795.440367
seven,0,2,0,175.700861,1.893754,7733.443267
seven,0,2,0,158.738861,1.737778,6341.384316
seven,0,3,1,161.550861,1.81135,7658.608567
seven,0,2,0,162.898861,1.849995,6739.807393
seven,0,2,0,155.810861,1.765212,5783.671312
seven,0,2,0,164.255861,1.729234,5534.869802
seven,0,2,0,152.180861,1.873594,6067.469846
seven,0,3,1,166.504861,1.748048,7388.362408
seven,0,3,1,161.518861,1.764231,6808.958115
seven,0,2,0,152.122861,1.605981,5428.167873
seven,0,2,0,147.632861,1.621086,5048.215818
seven,0,2,0,148.458861,1.708299,5631.359601
seven,0,2,0,149.054861,1.675216,5008.420685
seven,0,2,0,153.652861,1.662192,5307.170667
seven,0,3,1,169.332861,1.932483,7978.350447
seven,0,2,0,154.578861,1.735923,5632.260445
seven,0,2,0,160.798861,1.733136,6475.968172
seven,0,2,0,161.186861,1.879952,6490.322959
seven,0,2,0,148.202861,1.680375,5132.458296
seven,0,2,0,170.292861,1.927728,7822.51754
seven,0,2,0,155.670861,1.679091,5771.403754
seven,0,2,0,149.682861,1.642353,5062.765658
seven,0,2,0,167.488861,1.897515,7774.274672
seven,0,2,0,165.494861,1.882531,7756.242588
seven,0,2,0,173.450861,2.029941,8111.686893
seven,0,2,0,154.090861,1.686894,5242.932566
seven,0,2,0,159.962861,1.872088,6483.969784
seven,0,2,0,163.956861,1.749388,7541.671635
seven,0,3,1,154.100861,1.760091,5673.020915
seven,0,2,0,171.490861,1.965168,7399.497323
seven,0,2,0,164.990861,1.839776,7325.332902
seven,0,2,0,144.654861,1.652202,5119.477231
seven,0,2,0,167.090861,1.885418,7108.826104
seven,0,2,0,155.596861,1.675845,5590.624059
seven,0,3,1,158.374861,1.772942,6822.504922
seven,0,2,0,151.600861,1.777287,5366.174052
seven,0,2,0,153.404861,1.728226,5576.294043
seven,0,2,0,154.744861,1.817286,6011.443644
seven,0,3,1,162.741861,1.7816,6573.338199
seven,0,2,0,182.978861,1.851763,8128.646826
seven,0,2,0,150.244861,1.83239,5601.368331
seven,0,2,0,149.732861,1.622174,4621.767825
seven,0,2,0,156.820861,1.780969,5914.955645
seven,0,2,0,171.358861,1.796521,7385.297999
seven,0,2,0,169.258861,1.934808,7679.001231
seven,0,3,1,152.378861,1.769676,5600.139191
seven,0,2,0,150.782861,1.749659,5262.351145
seven,0,2,0,158.482861,1.72848,6313.478862
seven,0,2,0,158.018861,1.694537,6276.701355
seven,0,2,0,156.414861,1.872952,6110.753781
seven,0,2,0,145.166861,1.694557,5025.357106
seven,0,2,0,146.184861,1.628803,4934.952439
seven,0,2,0,143.156861,1.64048,4602.78002
seven,0,2,0,163.328861,1.844445,6493.591741
seven,0,2,0,171.086861,1.882908,7781.404533
seven,0,2,0,172.102861,1.879837,7773.638677
seven,0,2,0,151.270861,1.617505,4878.17347
seven,0,2,0,147.788861,1.619124,4827.525901
seven,0,2,0,144.398861,1.685592,5173.811508
seven,0,2,0,164.668861,1.786624,6406.445856
seven,0,2,0,165.900861,1.776495,7074.891389
seven,0,2,0,147.912861,1.654522,4736.962853
seven,0,2,0,148.276861,1.832524,5463.703246
seven,0,2,0,157.786861,1.774764,5487.846081
seven,0,3,1,157.266861,1.824898,6479.274489
seven,0,2,0,171.276861,1.892213,7905.111696
seven,0,2,0,154.264861,1.700362,5804.513685
seven,0,2,0,138.784861,1.625635,4338.716587
seven,0,2,0,151.998861,1.621798,5346.720564
seven,0,2,0,149.566861,1.647322,5125.744353
seven,0,2,0,165.982861,1.778655,6568.861082
seven,0,2,0,151.204861,1.748648,5467.945396
seven,0,2,0,158.796861,1.720371,5638.379721
seven,0,2,0,151.634861,1.634364,5188.516297
seven,0,3,1,163.626861,1.807698,7304.594738
seven,0,2,0,164.014861,1.71362,6765.264567
seven,0,2,0,176.800861,1.837155,7854.619245
seven,0,2,0,150.700861,1.666174,5275.072765
seven,0,2,0,154.818861,1.702574,5592.53361
seven,0,2,0,148.640861,1.637123,4923.796397
seven,0,2,0,150.964861,1.711692,5378.153104
seven,0,2,0,149.520861,1.897725,7289.736604
seven,0,2,0,154.818861,1.687258,5429.365208
seven,0,3,1,153.710861,1.741421,5741.904542
seven,0,2,0,167.190861,1.78902,7505.717974
seven,0,2,0,163.964861,1.922235,6905.209731
seven,0,2,0,160.102861,1.708266,5459.909319
seven,0,2,0,164.552861,1.753241,6549.033872
seven,0,2,0,176.684861,1.993675,8019.092088
seven,0,2,0,157.216861,1.7083,5667.700234
seven,0,2,0,149.070861,1.691584,5162.241482
seven,0,2,0,149.376861,1.600707,5019.134661
seven,0,2,0,151.948861,1.70369,5481.279909
eight,2,0,2,132.150861,1.284722,2083.884381
eight,2,0,2,126.650861,1.301121,1923.825353
eight,2,0,2,135.582861,1.355637,2055.996931
eight,2,0,2,131.472861,1.239017,1861.615988
eight,2,0,2,125.046861,1.353733,2248.211841
eight,2,0,2,134.068861,1.248931,1891.984879
eight,2,0,2,138.972861,1.308967,2188.831933
eight,1,1,1,122.978861,1.14313,1721.758291
eight,2,0,2,131.670861,1.373808,1992.527073
eight,2,0,2,122.450861,1.38839,2048.900414
eight,2,0,2,134.018861,1.265839,1898.301427
eight,2,0,2,136.732861,1.286436,2217.582095
eight,2,0,2,140.419861,1.347618,2450.191202
eight,2,0,2,129.438861,1.280603,1817.131759
eight,2,0,2,132.390861,1.28782,1863.827867
eight,2,0,2,126.527861,1.30506,2250.359111
eight,2,0,2,133.398861,1.29455,2121.614274
eight,2,0,2,130.430861,1.268754,1916.95008
eight,2,0,2,134.258861,1.30989,1879.321131
eight,2,0,2,133.474861,1.241368,2036.58768
eight,2,0,2,132.075861,1.343555,1913.776024
eight,2,0,2,135.408861,1.392017,2407.18951
eight,2,0,2,135.052861,1.265014,2251.761894
eight,2,0,2,132.009861,1.319083,1899.841952
eight,2,0,2,135.292861,1.265867,1992.687702
eight,2,0,2,140.569861,1.402859,2524.030891
eight,2,0,2,134.350861,1.334959,1932.024219
eight,2,0,2,132.886861,1.296504,2076.596079
eight,2,0,2,136.102861,1.279797,1938.760646
eight,2,0,2,135.772861,1.322291,2157.832651
eight,2,0,2,128.626861,1.343888,1933.915092
eight,2,0,2,133.258861,1.252359,1958.511863
eight,2,1,3,141.726861,1.376182,2574.034752
eight,2,0,2,134.746861,1.295425,1750.978168
eight,2,0,2,128.370861,1.327624,1816.484394
eight,2,0,2,130.066861,1.250432,1909.789703
eight,2,0,2,133.068861,1.352777,1753.588754
eight,2,0,2,136.706861,1.298527,2043.126189
eight,2,0,2,132.994861,1.308561,2065.998751
eight,2,0,2,132.216861,1.362828,1843.309384
eight,2,0,2,128.528861,1.260791,2036.148964
eight,2,0,2,131.877861,1.367575,2079.67875
eight,2,0,2,136.896861,1.380973,2133.624807
eight,2,0,2,128.668861,1.192144,1902.619483
eight,2,0,2,133.060861,1.342277,2114.702755
eight,2,0,2,132.951861,1.355997,2153.698582
eight,2,0,2,134.431861,1.296923,2001.014145
eight,2,0,2,143.967861,1.431406,2188.281562
eight,2,0,2,139.700861,1.315092,2066.564689
eight,2,0,2,136.830861,1.318526,1918.847286
eight,2,0,2,129.562861,1.252884,2117.851821
eight,2,0,2,133.911861,1.37846,1917.921424
eight,1,1,1,190.538861,1.877032,8102.434476
eight,2,0,2,137.938861,1.252616,2444.598327
eight,2,0,2,136.202861,1.331247,2239.219527
eight,2,0,2,134.366861,1.306265,1958.665971
eight,2,0,2,137.426861,1.339198,2618.793923
eight,2,0,2,133.208861,1.340346,2283.56162
eight,2,0,2,137.054861,1.366071,2099.035964
eight,2,0,2,132.034861,1.299906,1753.743028
eight,2,0,2,129.032861,1.339884,1740.098977
eight,2,0,2,137.152861,1.38179,2300.605046
eight,2,0,2,133.084861,1.329825,1885.387383
eight,2,0,2,130.578861,1.308071,1888.410905
eight,1,1,1,180.796861,1.930449,8700.297025
eight,2,0,2,139.046861,1.392899,2362.858659
eight,2,0,2,125.856861,1.232347,1721.659503
eight,2,0,2,128.973861,1.339271,1957.849352
eight,2,0,2,131.306861,1.264558,1984.421895
eight,2,0,2,125.774861,1.279457,1791.271365
eight,2,0,2,130.512861,1.235498,1776.552172
eight,2,0,2,137.930861,1.400386,2457.486553
eight,2,0,2,138.212861,1.334181,2691.372088
eight,1,1,1,204.348861,2.035542,8672.428438
eight,2,0,2,134.307861,1.358334,2068.635969
eight,2,0,2,131.918861,1.365235,1860.011587
eight,2,0,2,135.912861,1.276593,2114.62544
eight,2,0,2,131.148861,1.345546,2211.306863
eight,2,0,2,134.432861,1.31316,2298.117079
eight,2,0,2,127.808861,1.334426,1988.104822
eight,2,0,2,127.990861,1.193613,1837.066641
eight,2,0,2,131.198861,1.339871,2094.817373
eight,2,0,2,128.775861,1.320327,1830.49453
eight,1,1,1,190.942861,1.977409,8075.116096
eight,2,0,2,128.958861,1.219414,1778.346774
eight,2,0,2,136.276861,1.398158,2337.219067
eight,2,0,2,129.528861,1.279135,1872.963289
eight,2,0,2,136.102861,1.323928,1866.865532
eight,2,0,2,133.250861,1.35025,2140.450321
eight,2,0,2,136.954861,1.287808,2010.754617
eight,2,0,2,132.827861,1.367301,2099.973355
eight,2,0,2,131.934861,1.295769,2035.777483
eight,2,0,2,134.804861,1.256472,1864.701871
eight,2,0,2,130.578861,1.223107,1619.730951
eight,2,0,2,133.556861,1.265026,1872.546277
eight,2,0,2,127.254861,1.283707,2108.481483
eight,2,0,2,131.364861,1.285505,1949.705089
nine,1,1,1,132.472861,1.419565,3442.718957
nine,1,1,1,135.326861,1.375732,2986.026595
nine,1,1,1,143.298861,1.432786,4600.991649
nine,1,1,1,131.596861,1.338682,3078.477817
nine,1,1,1,128.469861,1.404298,3095.057527
nine,0,2,0,183.906861,1.976439,9575.16658
nine,1,1,1,133.382861,1.534821,3755.549532
nine,1,1,1,138.261861,1.469979,3464.45338
nine,1,1,1,142.926861,1.426381,4118.32732
nine,1,1,1,136.988861,1.412959,3650.416823
nine,1,1,1,133.920861,1.564621,3808.021317
nine,1,1,1,138.270861,1.497997,4050.590448
nine,1,1,1,144.804861,1.536273,4127.367857
nine,1,1,1,153.082861,1.549213,5036.120711
nine,1,1,1,144.994861,1.584932,4479.01039
nine,1,1,1,138.576861,1.442905,3575.016364
nine,0,3,1,180.340861,1.974264,10788.408397
nine,1,1,1,152.404861,1.620345,5243.267754
nine,1,1,1,128.180861,1.303085,2349.582604
nine,1,1,1,134.672861,1.340656,2783.463557
nine,1,1,1,143.736861,1.373109,3940.943157
nine,1,1,1,138.774861,1.481761,3734.586274
nine,1,1,1,139.188861,1.36125,3415.757077
nine,1,1,1,144.994861,1.582557,4458.557371
nine,0,2,0,195.864861,2.062003,8714.098781
nine,1,1,1,161.782861,1.629932,5845.270941
nine,1,1,1,128.775861,1.367185,2948.401601
nine,1,1,1,135.648861,1.462062,3736.662912
nine,1,1,1,133.126861,1.336972,2968.131873
nine,1,1,1,133.920861,1.564621,3808.021317
nine,1,1,1,133.878861,1.346231,3355.432675
nine,1,1,1,162.286861,1.573958,5573.324353
nine,1,1,1,138.840861,1.476135,3995.812068
nine,1,1,1,140.610861,1.547502,4022.354174
nine,1,1,1,142.992861,1.440626,4567.220105
nine,1,1,1,138.178861,1.429059,3696.041719
nine,1,1,1,129.826861,1.352719,2943.229821
nine,1,1,1,138.700861,1.477798,3694.513743
nine,0,2,0,138.732861,1.397708,3486.447016
nine,1,1,1,141.974861,1.468318,3893.038859
nine,1,1,1,150.428861,1.510733,4752.267346
nine,1,1,1,129.536861,1.281572,3024.629928
nine,1,1,1,150.360861,1.503396,4641.723604
nine,1,1,1,140.494861,1.446224,3752.246386
nine,1,1,1,142.992861,1.521359,4346.464588
nine,1,1,1,138.906861,1.381086,3649.431492
nine,1,1,1,144.514861,1.565643,3954.637728
nine,1,1,1,137.988861,1.413854,3551.972457
nine,1,1,1,141.810861,1.490865,3927.745016
nine,1,1,1,140.403861,1.630603,3943.380566
nine,1,1,1,145.880861,1.631792,4727.127674
nine,1,1,1,137.220861,1.509045,3737.864996
nine,1,1,1,129.306861,1.377709,2787.453038
nine,1,1,1,130.894861,1.485332,3634.474219
nine,1,1,1,142.372861,1.539036,4074.165662
nine,0,3,1,186.312861,1.950606,11687.239766
nine,1,1,1,135.102861,1.464756,3662.653051
nine,1,1,1,138.782861,1.456001,3590.409352
nine,1,1,1,137.376861,1.478531,3882.010465
nine,1,1,1,164.800861,1.583437,5914.604864
nine,1,1,1,147.706861,1.550698,4393.090846
nine,1,1,1,138.650861,1.420637,3690.079426
nine,1,1,1,138.460861,1.411262,3502.29951
nine,1,1,1,149.294861,1.502203,4784.061922
nine,1,2,1,139.850861,1.458158,3524.816504
nine,1,1,1,142.588861,1.61934,4173.608132
nine,1,1,1,135.954861,1.416569,3366.193694
nine,1,1,1,130.380861,1.486734,3279.727211
nine,1,1,1,127.230861,1.417616,2834.117472
nine,1,1,1,134.598861,1.521221,3870.753021
nine,1,1,1,135.260861,1.495467,3592.353529
nine,1,1,1,132.522861,1.489415,3423.617981
nine,1,1,1,135.044861,1.339365,3242.808674
nine,1,1,1,146.490861,1.441351,3786.027658
nine,1,1,1,137.502861,1.403331,3465.855896
nine,1,1,1,131.778861,1.421388,3017.269037
nine,1,1,1,134.920861,1.559018,3429.917439
nine,1,1,1,151.742861,1.603092,5137.84819
nine,1,1,1,127.370861,1.464424,3225.833473
nine,1,1,1,177.470861,1.762322,6732.361475
nine,1,1,1,136.872861,1.418415,3703.130347
nine,1,1,1,144.712861,1.469243,4203.445812
nine,1,1,1,136.790861,1.384336,3384.28946
nine,1,1,1,139.882861,1.475729,3902.319985
nine,1,1,1,137.616861,1.411906,3772.102425
nine,1,1,1,135.028861,1.414662,3033.30714
nine,1,1,1,142.098861,1.5065,3962.68766
