@relation test

@attribute class {zero,one,two,three,four,five,six,seven,eight,nine}
@attribute mor_0 numeric
@attribute mor_1 numeric
@attribute mor_2 numeric
@attribute mor_3 numeric
@attribute mor_4 numeric
@attribute mor_6 numeric

@data
zero,1,0,0,130.156861,1.428109,1849.047453
zero,1,0,0,126.186861,1.208926,1580.812573
zero,1,0,0,131.802861,1.30883,1766.959705
zero,1,0,0,129.164861,1.263976,1537.423771
zero,1,0,0,134.018861,1.345078,1871.813126
zero,1,0,0,126.782861,1.257423,1604.499945
zero,1,0,0,130.089861,1.332919,1734.783871
zero,1,0,0,134.746861,1.322585,1753.236205
zero,1,0,0,128.419861,1.334423,1634.099606
zero,1,0,0,127.758861,1.362188,1549.720967
zero,1,0,0,132.414861,1.31166,1836.507388
zero,1,0,0,131.794861,1.22375,1713.431751
zero,1,0,0,127.072861,1.18247,1636.628705
zero,1,0,0,122.904861,1.201994,1439.53494
zero,1,0,0,136.648861,1.27366,1712.383206
zero,1,0,0,125.136861,1.298548,1622.168475
zero,1,0,0,136.086861,1.495439,1717.339068
zero,1,0,0,137.880861,1.361614,1769.867
zero,1,0,0,131.620861,1.278052,1881.470567
zero,1,0,0,134.266861,1.271035,1794.42567
zero,1,0,0,131.702861,1.337155,1855.10493
zero,1,0,0,131.620861,1.253776,1853.712744
zero,1,0,0,137.822861,1.2931,1945.003749
zero,1,0,0,136.912861,1.412175,2092.472544
zero,1,0,0,132.794861,1.300281,1549.259053
zero,1,0,0,127.816861,1.461082,1782.537404
zero,1,0,0,128.270861,1.23604,1795.013571
zero,1,0,0,132.124861,1.391938,1653.62841
zero,1,0,0,126.998861,1.192205,1629.070635
zero,1,0,0,131.488861,1.241247,1614.934225
zero,1,0,0,139.542861,1.374661,1871.055934
zero,1,0,0,130.082861,1.297389,1680.512659
zero,1,0,0,130.512861,1.34887,1608.475743
zero,1,0,0,131.198861,1.287761,1697.677432
zero,1,0,0,124.996861,1.21807,1692.167937
zero,1,0,0,130.156861,1.287706,1668.600995
zero,1,0,0,129.164861,1.234612,1630.91695
zero,1,0,0,134.804861,1.292236,1619.933005
zero,1,0,0,131.934861,1.251781,1555.877738
zero,1,0,0,125.310861,1.283107,1573.404626
zero,1,0,0,135.176861,1.286184,1671.001033
zero,1,0,0,135.432861,1.26648,1795.471446
zero,1,0,0,131.256861,1.236981,1638.090031
zero,1,0,0,132.628861,1.374434,1884.680458
zero,1,0,0,134.820861,1.276998,1897.196661
zero,1,0,0,121.986861,1.303442,2022.701798
zero,1,0,0,128.924861,1.201011,1605.448565
zero,1,0,0,123.342861,1.343222,1700.900026
zero,1,0,0,132.538861,1.274197,1658.776947
zero,1,0,0,126.774861,1.342144,1730.012685
zero,1,0,0,127.460861,1.292413,1608.963832
zero,1,0,0,125.070861,1.273953,1558.653074
zero,1,0,0,129.288861,1.255408,1590.042076
zero,1,0,0,130.694861,1.343557,1685.056222
zero,1,0,0,126.724861,1.302745,1609.334822
zero,1,0,0,127.129861,1.270321,1739.283124
zero,1,0,0,133.282861,1.291134,1777.046545
zero,1,0,0,129.346861,1.305646,1547.263727
zero,1,0,0,136.392861,1.386569,1885.099585
zero,1,0,0,125.170861,1.180945,1541.397831
zero,1,0,0,131.868861,1.299064,1677.247402
zero,1,0,0,135.043861,1.387344,1924.81049
zero,1,0,0,130.578861,1.217083,1620.643384
zero,1,0,0,132.976861,1.302848,1628.679826
zero,1,0,0,133.298861,1.354236,1880.481171
zero,1,0,0,122.300861,1.258939,1669.417735
zero,1,0,0,136.110861,1.272122,1819.020085
zero,1,0,0,129.346861,1.210899,1635.044099
zero,1,0,0,132.406861,1.290279,1694.659385
zero,1,0,0,133.464861,1.247392,1628.799461
zero,1,0,0,127.436861,1.193676,1628.764278
zero,1,0,0,128.973861,1.311147,1752.911256
zero,1,0,0,128.742861,1.292125,1698.454401
zero,1,0,0,141.072861,1.336216,2180.629149
zero,1,0,0,134.506861,1.362977,1745.600125
zero,1,0,0,130.958861,1.279225,1750.990786
zero,1,0,0,134.258861,1.277449,1655.186876
zero,1,0,0,127.873861,1.230064,1640.155507
zero,1,0,0,132.612861,1.274169,1740.207854
zero,1,0,0,129.362861,1.217773,1597.345025
zero,1,0,0,134.390861,1.279433,1651.891693
zero,1,0,0,134.010861,1.270042,1758.968752
zero,1,0,0,128.502861,1.338924,1715.132468
zero,1,0,0,131.322861,1.262507,1662.386954
zero,1,0,0,128.354861,1.200291,1496.383412
zero,1,0,0,121.656861,1.318004,1720.433994
zero,1,0,0,125.186861,1.196588,1607.212267
zero,1,0,0,131.562861,1.263348,1544.092522
zero,1,0,0,134.820861,1.367925,1872.544549
zero,1,0,0,132.472861,1.327882,1731.645587
zero,1,0,0,130.578861,1.268686,1596.788072
zero,1,0,0,128.304861,1.245116,1543.955581
zero,1,0,0,123.268861,1.175559,1647.619186
zero,1,0,0,124.384861,1.364778,1788.18042
zero,1,0,0,133.076861,1.263331,1767.44919
zero,1,0,0,134.249861,1.285432,1949.581306
zero,1,0,0,134.258861,1.305215,1675.549245
zero,1,0,0,128.916861,1.219017,1648.696015
zero,1,0,0,122.448861,1.21294,1618.527005
zero,1,0,0,128.800861,1.283,1566.947169
zero,1,0,0,128.469861,1.304331,1668.804985
zero,1,0,0,129.329861,1.306311,1847.247259
one,0,2,0,130.512861,1.321653,2872.47141
one,0,3,1,135.482861,1.311673,3767.82304
one,0,3,1,141.876861,1.491559,4718.591999
one,0,2,0,126.560861,1.428086,3068.573095
one,0,3,1,135.136861,1.42566,4134.958396
one,0,3,1,137.228861,1.427897,4220.563768
one,0,3,1,145.266861,1.460744,4527.256946
one,0,3,1,139.584861,1.314732,4147.567799
one,0,2,0,144.472861,1.351759,3132.833589
one,0,3,1,142.826861,1.444492,3980.193473
one,0,3,1,137.724861,1.495394,4753.669933
one,0,3,1,136.583861,1.351292,3403.983588
one,0,2,0,122.854861,1.437803,2607.936455
one,0,2,0,142.388861,1.403554,3740.200314
one,0,3,1,134.010861,1.342451,3413.02932
one,0,2,0,146.598861,1.48455,5011.066342
one,0,3,1,140.081861,1.484068,4474.208679
one,0,2,0,145.646861,1.403479,4165.472661
one,0,3,1,143.380861,1.376832,3845.846275
one,0,2,0,139.948861,1.353317,3198.097891
one,0,2,0,129.058861,1.391034,2890.509108
one,0,2,0,132.720861,1.28569,2755.062839
one,0,3,5,150.543861,1.601697,4951.456401
one,0,3,1,131.174861,1.304211,3276.901804
one,0,3,1,135.664861,1.303493,3242.31528
one,0,3,1,157.316861,1.751471,6954.974642
one,0,2,0,139.204861,1.430091,3566.38149
one,0,2,0,134.837861,1.260916,2511.185548
one,0,2,0,137.608861,1.351495,3213.777684
one,0,3,1,140.312861,1.488617,5247.761414
one,0,2,0,140.610861,1.333344,3467.170077
one,0,2,0,130.818861,1.329903,2834.456024
one,0,2,0,133.290861,1.325249,3081.266706
one,0,2,0,136.086861,1.340616,3582.058458
one,0,3,1,141.942861,1.428227,4125.995303
one,0,3,1,141.470861,1.515987,5416.707511
one,0,2,0,137.723861,1.281582,2761.859542
one,0,2,0,141.710861,1.454872,4056.328943
one,0,3,1,146.556861,1.532271,5572.131455
one,0,2,0,128.536861,1.547521,3634.413998
one,0,3,1,144.026861,1.495583,5471.78575
one,0,2,0,136.499861,1.291446,2286.769421
one,0,3,1,136.665861,1.334972,3090.644878
one,0,2,0,135.978861,1.217897,2378.94171
one,0,3,1,143.828861,1.459323,5085.762724
one,0,3,1,145.200861,1.497661,5041.668302
one,0,2,0,145.058861,1.28951,3239.715038
one,0,2,0,130.084861,1.576239,3396.473985
one,0,2,0,139.056861,1.361597,3739.706292
one,0,2,0,130.040861,1.292936,2827.824295
one,0,2,0,138.626861,1.591197,4811.324296
one,0,3,1,139.658861,1.384271,4088.052863
one,1,2,2,124.004861,1.381671,2819.710042
one,0,2,0,127.552861,1.281806,2914.535192
one,0,2,0,128.818861,1.478618,3001.151678
one,0,2,0,138.030861,1.32854,2935.398334
one,0,3,1,135.060861,1.303754,3247.020748
one,0,2,0,140.188861,1.363674,2842.992478
one,0,2,0,129.024861,1.410364,3052.154646
one,0,2,0,143.876861,1.557583,4703.269154
one,0,2,0,133.381861,1.290572,2397.648513
one,0,2,0,132.216861,1.293065,2762.74753
one,0,3,1,143.034861,1.351755,4163.442773
one,0,2,0,152.470861,1.531241,4676.592355
one,0,3,1,133.960861,1.314075,3187.257526
one,0,2,0,141.024861,1.317326,2880.77026
one,0,3,1,128.776861,1.338133,3486.892962
one,0,3,1,129.990861,1.23125,2034.494568
one,0,2,0,137.542861,1.277814,2668.63761
one,0,2,0,163.220861,1.700665,6735.687044
one,0,3,0,139.394861,1.379951,3790.135953
one,0,2,0,146.696861,1.416077,4380.491688
one,0,2,0,129.288861,1.257645,2621.69057
one,0,2,0,144.580861,1.346122,3621.026756
one,0,4,4,155.074861,1.512981,4419.579881
one,0,2,0,126.740861,1.237281,2610.744883
one,0,4,2,136.185861,1.474322,3943.681013
one,0,2,0,128.024861,1.433186,3643.662587
one,0,2,0,132.290861,1.307212,3196.295811
one,0,2,0,133.862861,1.285434,2644.125501
one,0,2,0,137.616861,1.339452,2890.290471
one,0,3,1,135.202861,1.353539,3880.477799
one,0,2,0,137.062861,1.337247,3381.278613
one,0,2,0,144.448861,1.353771,3793.768256
one,0,3,1,142.686861,1.359963,3636.169444
one,0,2,0,130.859861,1.243694,2297.983986
one,0,3,1,133.332861,1.483292,4427.264998
one,0,2,0,137.616861,1.328427,3366.231379
one,0,2,0,129.263861,1.261157,2454.235533
one,0,2,0,136.806861,1.444288,3560.92153
one,0,2,0,160.790861,1.728012,6309.708086
one,0,2,0,132.869861,1.272218,3383.751039
one,0,3,1,144.976861,1.384161,4001.242925
one,0,2,0,136.822861,1.273891,2779.175037
one,0,3,1,139.676861,1.547861,3766.469832
one,0,3,1,136.293861,1.316427,2755.237171
one,0,3,1,144.398861,1.525507,5269.595167
one,0,3,1,142.082861,1.31785,3822.730542
one,0,3,1,135.292861,1.349351,3449.626923
one,0,2,0,133.315861,1.264884,2606.864951
one,0,2,0,139.419861,1.361058,2385.083143
one,0,3,1,145.464861,1.366312,3670.647131
two,0,2,0,206.590861,2.084024,12109.130588
two,0,2,0,197.130861,1.967326,10926.199659
two,0,2,0,192.498861,1.990842,10969.884586
two,0,2,0,206.400861,2.049603,12174.213562
two,0,2,0,200.612861,2.192889,12560.345177
two,0,2,0,192.110861,2.188854,11248.936007
two,0,2,0,200.768861,2.066672,11587.085794
two,0,2,0,184.964861,1.772045,9752.960413
two,0,2,0,156.092861,1.60893,5997.794663
two,0,3,1,184.698861,1.94989,9398.358074
two,0,2,0,182.722861,1.913021,9699.206349
two,0,2,0,190.190861,2.072752,11045.908342
two,0,2,0,183.806861,1.940473,10132.94264
two,0,2,0,206.318861,2.225389,12793.897095
two,1,1,1,153.478861,1.588361,5167.201292
two,0,2,0,194.012861,1.899707,10621.097542
two,0,2,0,205.912861,2.038452,12582.807804
two,0,2,0,187.610861,1.99465,9487.464661
two,0,3,1,184.492861,2.024295,9561.246416
two,0,2,0,199.552861,2.048706,11627.201229
two,0,2,0,208.716861,2.104126,12055.420322
two,0,2,0,174.974861,2.063824,10287.065861
two,0,2,0,192.680861,1.984737,11143.196259
two,0,2,0,178.214861,1.865824,9884.033255
two,0,2,0,184.724861,1.746729,9651.529756
two,0,2,0,169.936861,1.787797,8925.453146
two,0,2,0,189.910861,1.961442,10494.54043
two,0,2,0,182.764861,1.877596,9377.221221
two,0,2,0,212.356861,2.405833,13238.901705
two,0,2,0,200.570861,2.102779,11487.182576
two,0,2,0,184.542861,1.926774,10506.459905
two,0,2,0,221.212861,2.218795,14512.738685
two,0,2,0,195.020861,2.041775,10576.933088
two,0,2,0,202.926861,2.335056,11790.590911
two,0,2,0,188.312861,2.106427,11225.111355
two,0,2,0,177.470861,1.904509,8874.523511
two,0,3,1,197.592861,2.010033,11201.396538
two,0,2,0,176.272861,1.640298,8604.065581
two,0,2,0,171.368861,1.938348,8498.500953
two,0,3,1,206.194861,2.065553,12718.16452
two,0,2,0,200.520861,2.031907,12182.097504
two,0,2,0,161.766861,1.728495,7201.995751
two,0,2,0,200.850861,2.009487,11787.397273
two,0,2,0,182.714861,1.994255,10369.663556
two,0,2,0,204.366861,2.113582,11473.956852
two,0,2,0,189.372861,1.886365,10142.291887
two,0,2,0,196.550861,1.954214,11507.50873
two,0,2,0,188.296861,1.825141,8658.349388
two,0,2,0,187.776861,1.967289,10303.50152
two,0,2,0,194.152861,1.962321,11270.596774
two,0,2,0,177.844861,1.838054,8575.661498
two,0,2,0,193.068861,1.957658,10291.735735
two,0,2,0,187.114861,1.92869,9843.096845
two,0,2,0,176.974861,1.842717,9360.566431
two,0,2,0,185.526861,2.049642,10041.996664
two,0,2,0,188.256861,1.998681,9546.505101
two,0,2,0,186.048861,2.018593,11075.259967
two,0,2,0,161.616861,1.770618,6720.473842
two,0,2,0,165.546861,1.697337,6474.977916
two,0,2,0,187.900861,2.160357,10395.694761
two,0,2,0,169.020861,1.98494,10014.861858
two,0,2,0,205.118861,2.026851,11509.95509
two,0,2,0,163.709861,1.6462,6395.847904
two,0,2,0,162.865861,1.699286,7045.790825
two,0,2,0,199.710861,1.927826,11420.755384
two,0,2,0,190.150861,1.885902,11846.521116
two,0,2,0,157.886861,1.756449,6514.907249
two,0,2,0,192.870861,2.181557,11221.656933
two,0,2,0,189.818861,2.01956,9573.069189
two,0,2,0,193.068861,1.976908,10611.242549
two,0,2,0,193.002861,1.836388,10251.059662
two,0,2,0,184.426861,2.032818,9667.240189
two,0,2,0,198.716861,2.273411,11386.310532
two,0,3,1,152.494861,1.713878,5908.136094
two,0,3,1,187.254861,1.922448,9495.981358
two,0,2,0,190.992861,1.985973,10628.615973
two,0,2,0,177.420861,1.919311,9347.623625
two,0,2,0,183.384861,2.062686,10864.253642
two,0,2,0,164.496861,1.755149,9084.261466
two,0,2,0,197.666861,2.178754,11745.041372
two,0,2,0,189.504861,2.145209,10719.733324
two,0,2,0,184.320861,2.066654,10969.361836
two,0,2,0,162.386861,1.791254,7395.956163
two,0,2,0,200.942861,2.111057,12115.815796
two,0,3,1,192.200861,2.040554,10614.393048
two,0,2,0,203.166861,1.958895,11654.644098
two,0,2,0,180.572861,1.990338,9018.823006
two,0,2,0,188.098861,1.929836,10866.637576
two,0,2,0,189.098861,1.982507,10099.495776
two,0,2,0,195.880861,2.039572,10007.79328
two,0,2,0,181.392861,2.008597,9965.915743
two,0,2,0,180.324861,1.898403,9638.135226
two,0,2,0,172.194861,1.932221,8935.584052
two,0,2,0,176.709861,1.781455,8826.387131
two,0,3,1,177.024861,1.870185,9013.051976
two,0,2,0,185.451861,1.995942,10102.218858
two,0,2,0,204.474861,2.202282,13686.018707
two,0,2,0,194.690861,2.005442,10439.851479
two,0,2,0,198.568861,2.224649,11660.197663
two,0,2,0,194.020861,2.055514,10945.464512
two,0,2,0,183.070861,2.094414,11134.715721
two,0,3,1,176.346861,1.904893,8661.646275
two,0,2,0,191.522861,1.938229,10846.810857
two,0,2,0,193.812861,1.886418,10154.279974
two,0,2,0,144.630861,1.526887,4735.332786
two,0,2,0,178.330861,1.894641,9203.619536
three,0,4,2,177.992861,1.857116,9242.456934
three,0,3,1,206.094861,2.184971,13448.248867
three,0,4,2,162.776861,1.780643,6368.285117
three,0,4,2,197.964861,2.057072,12499.417484
three,0,4,2,163.412861,1.723964,7456.090335
three,0,2,0,169.589861,1.773084,7537.661656
three,0,4,2,194.550861,2.142774,12453.85598
three,0,2,0,165.008861,1.861926,8109.946227
three,0,2,0,154.504861,1.627712,6124.557304
three,0,3,1,165.082861,1.643385,8263.715861
three,0,3,1,176.454861,1.816388,9791.829075
three,0,2,0,148.988861,1.720132,6202.221602
three,0,3,1,171.268861,1.824797,7661.911104
three,0,2,0,183.144861,2.034276,9036.091978
three,0,3,1,174.792861,2.003007,10477.241338
three,0,3,1,178.712861,1.80511,9524.782811
three,0,2,0,182.152861,1.94912,10137.65591
three,0,3,1,187.048861,2.021979,11459.15406
three,0,2,0,189.454861,1.972663,10830.31208
three,0,2,0,172.012861,1.778974,8697.084662
three,0,4,2,203.142861,2.027324,13242.815125
three,0,3,1,174.304861,1.717108,9232.873642
three,0,3,1,192.208861,1.940184,11319.729496
three,0,3,1,165.662861,1.869305,8728.791999
three,0,3,1,179.084861,1.799662,9240.950925
three,0,3,1,185.874861,1.894529,10458.028473
three,0,3,1,195.392861,2.030346,11234.781059
three,0,3,1,163.081861,1.730179,6343.282297
three,0,3,1,175.362861,1.829675,9222.736469
three,0,3,1,153.248861,1.790433,6610.251123
three,0,2,0,171.566861,1.749838,9298.727567
three,0,4,2,184.624861,1.751698,9678.079131
three,0,3,1,170.664861,1.768602,7245.337192
three,0,4,2,182.714861,1.969353,10743.908863
three,0,4,2,202.670861,2.005123,11249.856365
three,0,3,1,175.304861,1.881265,7975.417421
three,0,3,1,188.164861,2.050672,10296.852115
three,0,4,2,174.452861,1.775794,8610.957772
three,0,2,0,166.322861,1.918653,8118.65868
three,0,3,1,198.526861,1.945078,11782.603711
three,0,3,1,170.358861,1.975145,9086.685067
three,0,3,1,203.464861,2.246094,12199.940871
three,0,4,2,201.752861,2.00469,12247.228131
three,0,3,1,183.880861,1.949463,10131.451469
three,0,3,1,183.152861,1.993077,9901.108292
three,0,3,1,172.378861,1.911732,8420.247278
three,0,4,2,184.452861,2.084666,10399.715663
three,0,3,1,210.138861,2.164566,12664.493272
three,0,4,2,191.398861,2.079718,11453.373893
three,0,3,1,198.220861,2.051398,13164.427582
three,0,3,1,174.262861,1.906291,9209.637083
three,0,3,1,190.744861,2.042529,10965.806855
three,0,3,1,190.348861,2.190323,10871.545381
three,0,3,1,169.746861,1.852715,8150.843615
three,0,3,1,208.394861,2.143745,13418.205456
three,0,3,1,194.888861,2.195575,10933.300758
three,0,2,0,181.804861,1.928816,9139.958631
three,0,3,1,186.188861,2.071301,10971.967731
three,0,4,2,185.990861,1.967668,9959.278394
three,0,3,1,158.078861,1.753141,6033.595279
three,0,2,0,152.636861,1.757838,6438.94189
three,0,3,1,153.422861,1.630011,5676.856667
three,0,4,2,211.362861,2.202276,15845.420424
three,0,3,1,166.108861,1.871346,6979.793082
three,0,4,2,211.362861,2.202276,15845.420424
three,0,3,1,188.834861,1.946419,10856.932099
three,0,3,1,185.171861,2.016549,10421.047334
three,0,3,1,180.828861,1.860175,9153.844662
three,0,3,1,203.091861,2.221656,13438.731435
three,0,4,2,163.974861,1.744595,7053.135525
three,0,4,2,158.508861,1.708454,7317.155703
three,0,2,0,179.514861,1.926444,9187.86672
three,0,3,1,183.674861,1.950035,10405.731533
three,0,3,1,193.978861,1.973269,10038.948656
three,0,3,1,153.678861,1.739656,6301.463176
three,0,3,1,156.019861,1.941303,8434.741032
three,0,3,1,171.078861,1.89585,8202.033797
three,0,3,1,164.918861,1.726621,8540.315839
three,0,2,0,155.886861,1.752001,6437.857934
three,0,3,1,189.496861,1.901882,10333.620816
three,0,3,1,189.140861,1.978852,11244.678826
three,0,3,1,161.022861,1.680057,7692.524861
three,0,3,1,174.998861,1.973073,9505.015895
three,0,3,1,166.704861,1.830507,8052.601609
three,0,4,2,152.760861,1.725102,6333.395227
three,0,2,0,161.716861,1.595048,6200.322665
three,0,4,2,183.310861,1.932532,9301.735274
three,0,3,1,146.888861,1.81363,6882.786349
three,0,4,2,192.540861,2.076777,11453.769685
three,0,2,0,152.634861,1.649967,5666.238254
three,0,4,2,182.508861,1.965699,9698.376114
three,0,2,0,159.888861,1.682088,7059.039253
three,0,3,1,190.208861,1.991395,11393.367271
three,0,2,0,176.040861,1.770195,7356.225933
three,0,4,2,187.032861,1.884321,10698.328634
three,0,2,0,172.434861,1.950406,8179.285889
three,0,3,1,174.304861,1.92419,9046.521241
four,0,3,1,167.438861,1.83302,7691.583587
four,0,3,1,155.248861,1.750396,6838.153574
four,0,3,1,177.908861,1.962473,9006.607064
four,0,3,1,164.238861,1.825694,8714.931681
four,0,2,0,155.192861,1.748369,6225.599895
four,0,3,1,152.866861,1.795232,6631.015593
four,0,3,1,177.371861,1.952078,10193.536265
four,0,4,2,160.162861,1.792958,8453.772177
four,0,2,0,146.268861,1.594078,5163.62161
four,0,3,1,154.702861,1.684737,7370.121208
four,0,4,2,155.960861,1.772639,7675.373955
four,0,4,2,154.438861,1.769764,8250.638915
four,0,2,0,133.788861,1.3302,3193.355246
four,0,3,1,167.298861,1.821909,9237.2203
four,0,4,2,168.406861,1.90179,9563.352099
four,0,3,1,171.252861,1.903663,8865.651284
four,0,3,1,157.548861,1.683426,6946.219021
four,0,3,1,153.602861,1.768963,7176.366224
four,0,3,1,174.278861,1.984064,9116.313954
four,0,3,1,168.456861,1.797402,8899.883121
four,0,3,1,158.128861,1.809066,7696.023576
four,0,3,1,163.336861,1.856474,8800.601211
four,0,2,0,152.958861,1.754252,7027.38511
four,0,3,1,146.350861,1.692512,7045.285705
four,0,3,0,147.060861,1.407286,4731.513333
four,0,3,1,155.952861,1.648726,7043.909731
four,0,2,0,157.226861,1.816765,7665.670985
four,0,3,1,162.370861,1.774868,8280.354469
four,0,3,1,162.494861,1.726395,8058.97658
four,0,3,1,164.892861,1.80924,7835.670501
four,0,3,1,145.481861,1.657577,5967.158091
four,0,3,1,146.044861,1.66535,6194.822697
four,0,3,1,152.370861,1.678205,6924.095828
four,0,3,1,158.912861,1.740994,7359.527506
four,0,3,1,131.878861,1.484535,3621.131953
four,0,3,1,153.330861,1.724643,7442.692123
four,0,3,1,157.176861,1.709134,5932.052902
four,0,3,1,149.914861,1.690256,6906.8691
four,0,3,1,166.016861,1.788073,8751.433836
four,0,3,1,156.902861,1.753704,7847.201448
four,0,2,0,155.786861,1.652784,6634.185623
four,0,4,1,154.992861,1.773189,7537.863465
four,0,3,1,154.934861,1.688522,7329.973134
four,0,2,0,157.746861,1.719168,7312.454561
four,0,3,1,156.564861,1.593708,7486.876656
four,0,6,2,114.718861,1.460458,4695.095258
four,0,6,2,118.124861,1.577862,4756.590846
four,0,3,1,159.624861,1.876223,7075.751414
four,0,2,0,152.654861,1.723905,5971.706517
four,0,2,0,162.568861,1.749662,7734.9652
four,0,3,1,176.668861,2.019512,8371.920576
four,0,3,1,161.204861,1.798965,6392.075713
four,0,2,0,168.200861,1.807647,8384.333374
four,0,2,0,144.902861,1.553885,5890.613832
four,0,3,1,166.156861,1.820357,8595.742624
four,0,3,1,158.176861,1.767943,8837.690048
four,0,3,1,171.789861,1.932268,8982.256415
four,0,3,1,172.466861,1.737572,8243.743408
four,0,3,1,152.246861,1.737492,7674.506116
four,0,2,0,168.770861,1.781736,8563.050545
four,0,2,0,158.648861,1.71372,7364.014909
four,0,2,0,153.280861,1.706536,7560.467361
four,0,2,0,163.296861,1.880604,7781.640151
four,0,2,0,160.724861,1.809249,6880.07859
four,0,3,1,165.172861,1.796082,8123.28509
four,0,3,1,165.602861,1.908752,9296.397125
four,0,3,1,165.678861,1.749094,6871.440367
four,0,2,0,162.394861,1.750339,7507.13
four,0,3,1,162.162861,1.838659,9115.767824
four,0,3,1,158.102861,1.782574,6902.26457
four,0,3,1,153.528861,1.766639,7098.600319
four,0,2,0,176.412861,1.895901,8599.266653
four,0,2,0,154.918861,1.776731,6394.658383
four,0,2,0,152.264861,1.693906,5996.528818
four,0,3,1,153.950861,1.768555,7029.150846
four,0,4,2,160.054861,1.868347,9065.882403
four,0,2,0,149.120861,1.633717,5774.548736
four,0,2,0,159.044861,1.708009,6636.697544
four,0,3,1,168.960861,1.833192,9456.09772
four,0,4,2,165.058861,1.893024,6946.706574
four,0,3,1,152.850861,1.787317,7950.140298
four,0,3,1,163.064861,1.737387,8403.623968
four,0,3,1,164.122861,1.725432,8533.381085
four,0,2,0,152.604861,1.82733,7040.541791
four,0,3,1,157.664861,1.698118,7705.120997
four,0,3,1,148.690861,1.709547,6028.281501
four,0,3,1,138.096861,1.530352,5602.350191
four,0,3,1,179.804861,1.878593,9914.706216
four,0,2,0,148.078861,1.622301,6558.876744
four,0,2,0,152.122861,1.771212,6661.762288
four,0,4,2,161.816861,1.77281,8095.260668
four,0,3,1,176.394861,1.883446,9628.850209
four,0,3,1,159.880861,1.691441,7813.04669
four,0,4,2,139.370861,1.525749,4872.028407
four,0,3,1,164.288861,1.822011,7826.249356
four,0,3,1,170.136861,1.94325,8860.475273
four,0,3,1,163.014861,1.893199,8200.816662
four,0,2,0,144.084861,1.659349,5879.521342
four,0,2,0,162.626861,1.722917,7025.180583
five,0,2,0,175.874861,1.99413,9390.633908
five,0,3,1,189.802861,1.914672,12044.224612
five,0,2,0,210.808861,2.192023,13242.937697
five,0,3,1,191.770861,1.882295,11819.865416
five,0,2,0,190.354861,1.990185,10787.275536
five,0,3,1,224.403861,2.272451,16731.348249
five,0,2,0,170.664861,1.869745,7974.71243
five,0,3,1,203.620861,1.972511,12767.03297
five,0,2,0,187.378861,2.087789,10873.179026
five,0,2,0,187.386861,2.119527,10299.711876
five,0,3,1,206.020861,2.297292,13819.734466
five,0,2,0,181.084861,1.846913,9637.593888
five,0,3,1,203.348861,2.009361,13495.202528
five,0,3,1,192.282861,1.983284,12149.882392
five,0,3,1,197.832861,2.009862,12181.286853
five,0,2,0,213.396861,2.177892,14333.800857
five,0,3,1,196.401861,2.019032,12940.920329
five,0,2,0,197.508861,2.02104,12127.813835
five,0,3,1,205.183861,2.357109,12791.59489
five,0,3,1,212.064861,1.976588,14630.500745
five,0,2,0,204.034861,1.980027,13630.70529
five,0,3,1,219.392861,2.214583,14739.107796
five,0,2,0,188.114861,1.833142,11088.037139
five,0,2,0,196.046861,1.989139,12145.220115
five,0,3,1,217.290861,2.131492,17242.285328
five,0,2,0,211.320861,2.09846,13706.803401
five,0,3,1,198.600861,2.011154,13512.77788
five,0,3,1,190.810861,2.159993,12616.408938
five,0,2,0,182.134861,1.883656,9684.053766
five,0,3,1,190.074861,1.938604,11141.537354
five,0,3,1,196.756861,1.968527,11902.356448
five,0,2,0,185.412861,1.939848,11749.992101
five,0,3,1,210.518861,2.076392,15091.805526
five,0,3,1,210.660861,2.187514,15847.073122
five,0,2,0,178.538861,1.864088,10124.72744
five,0,2,0,179.076861,1.806472,10529.917055
five,0,3,1,175.734861,1.902471,9847.824736
five,0,3,1,198.908861,2.011682,13538.297111
five,0,3,1,227.068861,2.305388,17080.824219
five,0,3,1,200.628861,2.00853,13305.85371
five,0,3,1,221.409861,2.255248,16320.754401
five,0,2,0,190.430861,1.852398,11344.820384
five,0,3,1,209.550861,2.248772,14877.190036
five,0,3,1,181.558861,1.990598,11738.892888
five,0,3,1,211.800861,2.098033,13733.636847
five,0,3,1,221.658861,2.182271,16295.564274
five,0,2,0,201.503861,2.035313,12698.626041
five,0,3,1,205.540861,2.122872,14013.704093
five,0,2,0,152.505861,1.667034,6263.505386
five,0,2,0,169.606861,1.716437,9130.225747
five,0,3,1,183.814861,1.831001,11323.383923
five,0,2,0,186.278861,1.763405,10085.426426
five,0,2,0,205.324861,2.06861,12950.392482
five,0,2,0,177.718861,1.824547,9479.155257
five,0,2,0,188.132861,1.960233,12290.775144
five,0,3,1,189.934861,1.856424,11787.076547
five,0,3,1,198.510861,2.008949,12215.266435
five,0,3,1,190.472861,1.935089,11436.202316
five,0,3,1,197.610861,2.247855,13660.703386
five,0,3,1,226.462861,2.321903,17572.199943
five,0,3,1,206.920861,2.388978,13600.93712
five,0,3,1,171.012861,1.948469,9400.383843
five,0,3,1,214.736861,2.124498,15319.350652
five,0,2,0,184.360861,1.914413,9131.487764
five,0,3,1,208.384861,2.052836,14716.931085
five,0,2,0,189.470861,2.162305,10536.854736
five,0,2,0,189.950861,2.153729,11182.276632
five,0,3,1,206.366861,1.994414,13477.732887
five,0,3,1,207.648861,2.209261,12900.521361
five,0,3,1,197.774861,2.158629,12291.34914
five,0,3,1,165.785861,1.814924,9300.109131
five,0,2,0,191.670861,2.08422,10765.335704
five,0,3,1,215.314861,2.161004,15196.92999
five,0,2,0,195.020861,1.940207,12147.484135
five,0,2,0,202.926861,1.965788,13519.38882
five,0,3,1,190.108861,1.95694,12037.737847
five,0,2,0,181.192861,1.887923,9893.580911
five,0,3,1,191.894861,1.871094,11377.510308
five,0,3,1,200.652861,1.981506,13896.459506
five,0,2,0,186.468861,2.014231,10513.021716
five,0,3,1,209.112861,2.031711,14793.934887
five,0,3,1,192.108861,1.949183,11871.42647
five,0,3,1,195.979861,2.276043,12642.133381
five,0,2,0,201.206861,2.119719,12258.619978
five,0,3,1,209.732861,2.125253,15496.207243
five,0,3,1,204.416861,2.033685,14748.108141
five,0,2,0,203.480861,1.969993,13239.52595
five,0,3,1,192.084861,2.133577,11188.267438
five,0,2,0,193.416861,1.993648,12062.670463
five,0,2,0,188.785861,1.836397,12341.959659
five,0,3,1,192.232861,1.958056,12567.194357
five,0,3,1,186.038861,1.809676,10115.298724
five,0,2,0,166.490861,1.633175,6421.121349
five,0,2,0,195.185861,2.015923,12302.188377
five,0,3,1,216.596861,2.145541,15700.488198
five,0,3,1,185.608861,1.835192,11030.049517
five,0,3,1,178.727861,1.936299,9894.857728
five,0,3,1,207.260861,2.006589,14217.788152
five,0,3,1,187.784861,1.855568,12254.040031
six,1,1,1,155.008861,1.653914,5159.228493
six,1,1,1,171.946861,1.766459,6143.414859
six,1,1,1,144.108861,1.482439,4300.67317
six,1,1,1,162.552861,1.710115,5769.388313
six,1,1,1,157.680861,1.589619,5287.677612
six,1,1,1,132.464861,1.343152,3124.956408
six,1,1,1,140.594861,1.548505,3612.776887
six,1,1,1,147.854861,1.423925,3669.320722
six,1,1,1,151.742861,1.603092,5137.84819
six,1,1,1,146.102861,1.51714,4197.467961
six,1,1,1,138.774861,1.481761,3734.586274
six,1,1,1,145.482861,1.596269,4437.112998
six,1,1,1,134.052861,1.364553,3101.21277
six,1,1,1,133.696861,1.490824,3368.277093
six,1,1,1,138.558861,1.482644,3905.883497
six,1,1,1,139.618861,1.385586,3607.862021
six,1,1,1,133.862861,1.420187,3675.347469
six,1,1,1,136.988861,1.412959,3650.416823
six,1,1,1,131.910861,1.340135,2746.513927
six,1,1,1,137.616861,1.411906,3772.102425
six,1,1,1,138.502861,1.444103,3744.579494
six,1,1,1,171.326861,1.61913,6641.598612
six,1,1,1,152.404861,1.620345,5243.267754
six,1,1,1,142.992861,1.440626,4567.220105
six,1,1,1,147.582861,1.600061,4292.745345
six,1,1,1,130.703861,1.344543,3161.165244
six,1,1,1,131.298861,1.422464,3277.275536
six,1,1,1,140.403861,1.630603,3943.380566
six,1,1,1,134.920861,1.559018,3429.917439
six,1,1,1,139.386861,1.457308,3729.174202
six,1,1,1,136.648861,1.467495,3665.44948
six,1,1,1,140.188861,1.490467,3541.766622
six,1,1,1,137.220861,1.509045,3737.864996
six,1,1,1,144.564861,1.368521,4335.968751
six,1,1,1,142.016861,1.478723,4026.338356
six,1,1,1,154.222861,1.54201,4594.759907
six,1,1,1,131.000861,1.502421,3353.847736
six,1,1,1,137.344861,1.547297,4140.009071
six,1,1,1,140.214861,1.389782,3632.041577
six,1,1,1,127.080861,1.325012,2986.684377
six,1,1,1,140.214861,1.448171,3921.898227
six,1,1,1,126.510861,1.441427,3470.609932
six,1,1,1,144.994861,1.584932,4479.01039
six,1,1,1,157.770861,1.501162,5613.315099
six,1,1,1,139.214861,1.615425,4018.886646
six,1,1,1,169.530861,1.628884,6107.114766
six,1,1,1,135.648861,1.462062,3736.662912
six,1,1,1,130.678861,1.33456,2708.419536
six,1,1,1,140.386861,1.548576,3944.362536
six,1,1,1,137.872861,1.329343,3504.253132
six,1,1,1,150.428861,1.510733,4752.267346
six,1,1,1,144.804861,1.536273,4127.367857
six,1,1,1,138.700861,1.477798,3694.513743
six,1,1,1,133.920861,1.564621,3808.021317
six,1,1,1,135.574861,1.437334,4073.644988
six,1,1,1,132.994861,1.398182,3345.732634
six,1,1,1,148.162861,1.623221,4515.299677
six,1,1,1,146.490861,1.441351,3786.027658
six,1,1,1,131.596861,1.338682,3078.477817
six,1,1,1,134.210861,1.3063,3064.863624
six,1,1,1,141.528861,1.53556,3979.06929
six,1,1,1,131.504861,1.514472,3631.004541
six,1,1,1,152.288861,1.626056,5557.811709
six,1,1,1,142.372861,1.539036,4074.165662
six,1,1,1,142.520861,1.321912,3435.96684
six,1,1,1,136.294861,1.45424,3827.672983
six,1,1,1,141.810861,1.490865,3927.745016
six,1,1,1,138.898861,1.395824,3744.705281
six,1,1,1,140.328861,1.519173,3909.114125
six,1,1,1,160.004861,1.708443,5346.433307
six,1,1,1,156.952861,1.685543,5663.024169
six,1,1,1,132.960861,1.419682,3583.983013
six,1,1,1,137.376861,1.478531,3882.010465
six,1,1,1,133.564861,1.429206,3456.270609
six,1,1,1,135.732861,1.339581,3411.370174
six,1,1,1,138.906861,1.381086,3649.431492
six,1,1,1,136.096861,1.438809,3489.152834
six,1,1,1,146.624861,1.578063,4312.652687
six,1,1,1,134.970861,1.428913,3370.497447
six,1,1,1,130.380861,1.486734,3279.727211
six,1,1,1,141.346861,1.401002,3372.372194
six,1,1,1,139.270861,1.622955,3932.185128
six,1,1,1,134.796861,1.340223,3433.305405
six,1,1,1,142.041861,1.518822,4052.288104
six,1,1,1,171.996861,1.786024,6515.445589
six,1,1,1,167.272861,1.592477,5751.337094
six,1,1,1,133.358861,1.370034,3378.034885
six,1,1,1,134.598861,1.521221,3870.753021
six,1,1,1,140.264861,1.510713,4096.720409
six,1,1,1,161.782861,1.629932,5845.270941
six,1,1,1,129.826861,1.352719,2943.229821
six,1,1,1,152.528861,1.462137,4580.154276
six,1,1,1,131.556861,1.430543,3499.257465
six,1,1,1,135.524861,1.434779,3419.240362
six,1,2,2,159.598861,1.608955,5502.827209
six,1,1,1,131.554861,1.400662,3258.891919
six,1,1,1,138.650861,1.451608,3776.501007
six,1,1,1,136.790861,1.384336,3384.28946
six,1,1,1,136.872861,1.418415,3703.130347
six,1,1,1,133.216861,1.508025,3542.638111
six,1,1,1,137.022861,1.346556,3593.774748
six,1,1,1,161.500861,1.573794,5848.755866
six,1,1,1,131.894861,1.529192,3291.400747
six,1,1,1,138.724861,1.516395,3861.449762
six,1,1,1,134.498861,1.447556,3773.011581
six,1,1,1,140.494861,1.446224,3752.246386
six,1,1,1,134.962861,1.377408,3387.866166
six,1,1,1,136.740861,1.369799,3674.613336
six,1,1,1,138.460861,1.411262,3502.29951
six,1,1,1,149.244861,1.56576,4420.081123
six,1,1,1,135.722861,1.48025,3505.5015
six,1,1,1,147.193861,1.46439,3982.201795
six,1,1,1,128.180861,1.303085,2349.582604
seven,0,2,0,154.264861,1.700362,5804.513685
seven,0,2,0,142.744861,1.590474,4396.193842
seven,0,2,0,171.358861,1.796521,7385.297999
seven,0,2,0,153.702861,1.754108,5498.001636
seven,0,3,1,163.560861,1.790566,6611.494089
seven,0,2,0,156.216861,1.80661,5682.88196
seven,0,2,0,156.820861,1.780969,5914.955645
seven,0,2,0,156.414861,1.872952,6110.753781
seven,0,2,0,181.216861,1.969082,8213.626702
seven,0,2,0,150.534861,1.603885,5077.808816
seven,0,3,1,162.741861,1.7816,6573.338199
seven,0,2,0,173.442861,1.874899,7663.136511
seven,0,2,0,154.578861,1.735923,5632.260445
seven,0,2,0,157.216861,1.7083,5667.700234
seven,0,2,0,158.482861,1.72848,6313.478862
seven,0,2,0,154.786861,1.724647,5859.667364
seven,0,2,0,149.740861,1.66067,5272.361447
seven,0,2,0,167.802861,1.908784,6848.912428
seven,0,2,0,145.928861,1.564888,4618.575608
seven,0,2,0,167.090861,1.885418,7108.826104
seven,0,2,0,179.256861,1.969827,8722.854512
seven,0,2,0,158.738861,1.737778,6341.384316
seven,0,2,0,169.588861,1.803043,7834.897663
seven,0,2,0,148.458861,1.708299,5631.359601
seven,0,2,0,147.912861,1.654522,4736.962853
seven,0,2,0,170.292861,1.927728,7822.51754
seven,0,2,0,168.282861,1.784096,6781.212295
seven,0,2,0,156.150861,1.815022,5879.715664
seven,0,2,0,173.450861,2.029941,8111.686893
seven,0,3,1,169.332861,1.932483,7978.350447
seven,0,3,1,151.386861,1.755183,5791.839752
seven,0,2,0,147.284861,1.71781,5360.558664
seven,0,2,0,165.900861,1.776495,7074.891389
seven,0,2,0,156.414861,1.856303,5837.602998
seven,0,2,0,167.918861,1.819197,7143.929038
seven,0,2,0,171.416861,1.804623,7635.354659
seven,0,2,0,169.258861,1.934808,7679.001231
seven,0,2,0,153.528861,1.698746,5613.870729
seven,0,3,1,152.378861,1.769676,5600.139191
seven,0,3,1,166.504861,1.748048,7388.362408
seven,0,3,1,162.716861,1.743657,5910.438166
seven,0,3,1,148.872861,1.637185,5111.118269
seven,0,2,0,149.054861,1.675216,5008.420685
seven,0,2,0,165.314861,1.872885,6989.193932
seven,0,3,1,154.100861,1.760091,5673.020915
seven,0,2,0,154.090861,1.686894,5242.932566
seven,0,2,0,151.204861,1.748648,5467.945396
seven,0,2,0,148.988861,1.727381,5284.601928
seven,0,2,0,151.270861,1.617505,4878.17347
seven,0,2,0,159.540861,1.776231,7222.245272
seven,0,2,0,149.566861,1.647322,5125.744353
seven,0,3,1,151.196861,1.767976,5503.03986
seven,0,2,0,149.352861,1.584524,4844.883902
seven,0,2,0,153.950861,1.815847,5858.313683
seven,0,2,0,150.344861,1.676462,5191.939089
seven,0,2,0,151.700861,1.72422,5305.917686
seven,0,2,0,151.626861,1.667471,5034.63378
seven,0,2,0,151.634861,1.634364,5188.516297
seven,0,2,0,154.818861,1.687258,5429.365208
seven,0,3,1,161.550861,1.81135,7658.608567
seven,0,2,0,153.404861,1.728226,5576.294043
seven,0,2,0,155.670861,1.679091,5771.403754
seven,0,2,0,149.520861,1.897725,7289.736604
seven,0,2,0,141.908861,1.630219,4761.696756
seven,0,3,1,169.258861,1.769623,7795.440367
seven,0,2,0,152.180861,1.873594,6067.469846
seven,0,2,0,157.456861,1.785301,6707.976019
seven,0,2,0,153.834861,1.788102,5658.90103
seven,0,2,0,143.156861,1.64048,4602.78002
seven,0,2,0,146.184861,1.628803,4934.952439
seven,0,2,0,153.842861,1.817754,5702.682759
seven,0,2,0,158.796861,1.720371,5638.379721
seven,0,2,0,150.700861,1.666174,5275.072765
seven,0,3,1,164.982861,1.9392,8268.120006
seven,0,2,0,170.870861,1.895008,7771.979905
seven,0,2,0,159.012861,1.717652,5416.057025
seven,0,2,0,150.964861,1.711692,5378.153104
seven,0,2,0,175.890861,1.964391,7440.402551
seven,0,2,0,145.448861,1.654504,5280.832954
seven,0,2,0,151.998861,1.621798,5346.720564
seven,0,3,1,149.352861,1.746414,5238.074186
seven,0,2,0,152.122861,1.605981,5428.167873
seven,0,2,0,171.490861,1.965168,7399.497323
seven,0,2,0,144.654861,1.652202,5119.477231
seven,0,2,0,155.786861,1.652784,5409.070897
seven,0,2,0,154.016861,1.648052,5139.937308
seven,0,2,0,176.684861,1.993675,8019.092088
seven,0,2,0,165.056861,1.815163,7636.315451
seven,0,2,0,138.784861,1.625635,4338.716587
seven,0,2,0,153.056861,1.799023,6496.403962
seven,0,3,1,161.814861,1.791807,7290.581565
seven,0,2,0,172.102861,1.879837,7773.638677
seven,0,2,0,146.730861,1.670446,5143.934668
eight,2,0,2,128.370861,1.327624,1816.484394
eight,2,0,2,122.450861,1.38839,2048.900414
eight,2,0,2,133.474861,1.241368,2036.58768
eight,2,0,2,136.102861,1.323928,1866.865532
eight,2,0,2,132.951861,1.355997,2153.698582
eight,2,0,2,127.378861,1.27682,1909.905917
eight,2,0,2,143.967861,1.431406,2188.281562
eight,2,0,2,140.569861,1.402859,2524.030891
eight,2,0,2,131.934861,1.295769,2035.777483
eight,2,0,2,132.199861,1.264347,2081.769746
eight,2,0,2,125.392861,1.223389,1671.228645
eight,2,0,2,138.278861,1.363874,2915.485172
eight,2,0,2,136.202861,1.331247,2239.219527
eight,2,0,2,137.152861,1.38179,2300.605046
eight,2,0,2,125.592861,1.280105,2104.69712
eight,2,0,2,134.424861,1.247495,2128.876791
eight,2,0,2,139.816861,1.462808,2377.896613
eight,2,0,2,134.068861,1.248931,1891.984879
eight,2,0,2,128.784861,1.201674,1649.756224
eight,2,0,2,139.336861,1.325765,2369.105419
eight,2,0,2,138.972861,1.308967,2188.831933
eight,2,0,2,128.338861,1.336304,2415.063802
eight,2,0,2,127.990861,1.193613,1837.066641
eight,2,0,2,130.198861,1.238115,1786.454317
eight,2,0,2,130.578861,1.223107,1619.730951
eight,2,0,2,136.747861,1.363863,2222.478423
eight,2,0,2,127.634861,1.256588,2098.88005
eight,2,0,2,135.532861,1.288838,1940.111926
eight,2,0,2,132.034861,1.299906,1753.743028
eight,2,0,2,136.128861,1.324969,2154.672999
eight,2,0,2,132.422861,1.284319,1909.576262
eight,2,0,2,128.973861,1.339271,1957.849352
eight,2,0,2,131.892861,1.280693,1846.363407
eight,2,0,2,136.896861,1.380973,2133.624807
eight,2,0,2,127.254861,1.283707,2108.481483
eight,2,0,2,137.318861,1.275733,1898.09921
eight,2,0,2,131.877861,1.367575,2079.67875
eight,2,0,2,128.626861,1.343888,1933.915092
eight,2,0,2,125.956861,1.286337,1810.839013
eight,2,0,2,136.732861,1.286436,2217.582095
eight,2,0,2,132.438861,1.35431,1942.15511
eight,1,1,1,190.538861,1.877032,8102.434476
eight,2,0,2,128.792861,1.350261,1961.917926
eight,1,1,1,180.796861,1.930449,8700.297025
eight,2,0,2,131.752861,1.285441,1788.366626
eight,2,0,2,133.398861,1.29455,2121.614274
eight,2,0,2,132.009861,1.319083,1899.841952
eight,2,0,2,134.564861,1.263231,1841.434062
eight,2,0,2,130.966861,1.328822,1835.493177
eight,2,0,2,134.307861,1.358334,2068.635969
eight,2,0,2,133.556861,1.265026,1872.546277
eight,2,0,2,137.426861,1.339198,2618.793923
eight,2,0,2,135.912861,1.276593,2114.62544
eight,2,1,3,141.726861,1.376182,2574.034752
eight,2,0,2,133.084861,1.329825,1885.387383
eight,2,0,2,136.706861,1.298527,2043.126189
eight,2,0,2,141.064861,1.350685,2055.06725
eight,2,0,2,140.419861,1.347618,2450.191202
eight,2,0,2,128.254861,1.328211,1889.027063
eight,2,0,2,136.276861,1.398158,2337.219067
eight,2,0,2,121.424861,1.238431,1917.771659
eight,2,0,2,136.830861,1.318526,1918.847286
eight,2,0,2,139.130861,1.339128,2498.09638
eight,2,0,2,135.283861,1.406702,2188.462527
eight,2,0,2,132.944861,1.300966,1951.218327
eight,2,0,2,135.772861,1.322291,2157.832651
eight,2,0,2,134.432861,1.31316,2298.117079
eight,2,0,2,135.516861,1.322164,1963.822806
eight,2,0,2,131.554861,1.327085,2967.872238
eight,2,0,2,130.578861,1.308071,1888.410905
eight,2,0,2,137.054861,1.366071,2099.035964
eight,2,0,2,134.224861,1.402375,2234.114623
eight,2,0,2,125.046861,1.353733,2248.211841
eight,2,0,2,132.009861,1.338539,2065.702851
eight,2,0,2,135.524861,1.258384,1997.329911
eight,2,0,2,126.650861,1.301121,1923.825353
eight,2,0,2,122.523861,1.209959,1654.651707
eight,2,0,2,135.300861,1.256985,1848.147037
eight,2,0,2,132.720861,1.266422,1747.685781
eight,1,1,1,190.942861,1.977409,8075.116096
eight,2,0,2,132.075861,1.343555,1913.776024
eight,2,0,2,123.938861,1.280927,1828.756603
eight,2,0,2,132.273861,1.291296,2050.732829
eight,2,0,2,134.366861,1.306265,1958.665971
eight,2,0,2,133.060861,1.342277,2114.702755
eight,2,0,2,129.983861,1.340706,2249.368104
eight,2,0,2,140.304861,1.441392,2519.99986
eight,2,0,2,132.150861,1.284722,2083.884381
eight,2,0,2,130.512861,1.235498,1776.552172
nine,1,1,1,139.188861,1.36125,3415.757077
nine,1,1,1,139.214861,1.615425,4018.886646
nine,1,1,1,164.800861,1.583437,5914.604864
nine,1,1,1,127.080861,1.325012,2986.684377
nine,1,1,1,137.022861,1.346556,3593.774748
nine,1,1,1,138.906861,1.381086,3649.431492
nine,1,1,1,153.082861,1.549213,5036.120711
nine,1,1,1,127.370861,1.464424,3225.833473
nine,1,1,1,152.404861,1.620345,5243.267754
nine,1,1,1,141.346861,1.401002,3372.372194
nine,1,1,1,135.648861,1.462062,3736.662912
nine,1,1,1,143.332861,1.556284,4119.686803
nine,1,1,1,131.886861,1.367668,3046.965225
nine,1,1,1,149.534861,1.514282,4363.931375
nine,1,1,1,136.790861,1.384336,3384.28946
nine,1,1,1,142.588861,1.61934,4173.608132
nine,1,1,1,129.826861,1.352719,2943.229821
nine,1,1,1,138.840861,1.476135,3995.812068
nine,1,1,1,138.816861,1.510611,3958.131954
nine,1,1,1,133.812861,1.435998,3300.499158
nine,1,1,1,152.528861,1.462137,4580.154276
nine,1,1,1,134.374861,1.414656,3335.647878
nine,1,1,1,138.261861,1.469979,3464.45338
nine,1,1,1,141.528861,1.53556,3979.06929
nine,1,1,1,137.046861,1.442786,3381.939491
nine,1,1,1,133.200861,1.464837,3366.476376
nine,1,1,1,162.286861,1.573958,5573.324353
nine,1,1,1,138.460861,1.411262,3502.29951
nine,1,1,1,154.884861,1.451577,4985.377018
nine,1,1,1,134.598861,1.521221,3870.753021
nine,1,1,1,150.428861,1.510733,4752.267346
nine,1,1,1,140.610861,1.547502,4022.354174
nine,1,1,1,140.494861,1.446224,3752.246386
nine,1,1,1,145.862861,1.367023,4350.236175
nine,1,1,1,143.298861,1.432786,4600.991649
nine,1,1,1,140.264861,1.510713,4096.720409
nine,0,2,0,183.906861,1.976439,9575.16658
nine,0,3,1,180.340861,1.974264,10788.408397
nine,1,1,1,137.930861,1.353019,3194.798349
nine,1,1,1,132.960861,1.419682,3583.983013
nine,1,1,1,135.168861,1.538819,3747.219262
nine,1,1,1,140.403861,1.630603,3943.380566
nine,1,1,1,138.782861,1.456001,3590.409352
nine,1,1,1,130.926861,1.237328,2435.214416
nine,1,1,1,137.220861,1.509045,3737.864996
nine,1,1,1,142.992861,1.440626,4567.220105
nine,1,1,1,132.522861,1.489415,3423.617981
nine,1,1,1,133.358861,1.370034,3378.034885
nine,1,1,1,138.716861,1.39488,3507.900758
nine,1,1,1,138.724861,1.516395,3861.449762
nine,1,1,1,145.662861,1.514625,3993.685699
nine,1,1,1,131.596861,1.338682,3078.477817
nine,1,1,1,139.882861,1.475729,3902.319985
nine,1,1,1,135.028861,1.414662,3033.30714
nine,1,1,1,129.330861,1.291504,2478.487674
nine,1,1,1,133.490861,1.473635,3724.809452
nine,1,1,1,130.214861,1.317787,2707.995327
nine,1,1,1,149.634861,1.542364,4258.511802
nine,1,1,1,142.098861,1.5065,3962.68766
nine,1,1,1,136.872861,1.418415,3703.130347
nine,1,1,1,161.500861,1.573794,5848.755866
nine,1,1,1,159.268861,1.583536,5357.082343
nine,1,1,1,141.462861,1.427947,3822.61863
nine,1,1,1,133.920861,1.564621,3808.021317
nine,1,1,1,131.686861,1.473021,3127.842539
nine,1,1,1,148.450861,1.623929,4380.418535
nine,1,1,1,135.772861,1.437404,3501.144668
nine,1,1,1,151.162861,1.542743,4900.632511
nine,0,2,0,138.732861,1.397708,3486.447016
nine,1,1,1,151.742861,1.603092,5137.84819
nine,1,1,1,154.222861,1.54201,4594.759907
nine,1,1,1,137.502861,1.403331,3465.855896
nine,1,1,1,147.706861,1.550698,4393.090846
nine,1,1,1,141.982861,1.501036,3979.9499
nine,1,1,1,141.974861,1.468318,3893.038859
nine,0,2,0,177.752861,1.948869,9450.666318
nine,1,1,1,134.482861,1.302759,2915.846549
nine,1,1,1,133.920861,1.564621,3808.021317
nine,1,1,1,159.358861,1.615849,5586.482263
nine,1,1,1,153.256861,1.667748,5103.719867
nine,1,1,1,139.618861,1.385586,3607.862021
nine,1,1,1,134.672861,1.541987,3766.763222
nine,1,1,1,135.954861,1.416569,3366.193694
nine,1,1,1,137.988861,1.413854,3551.972457
nine,1,1,1,134.780861,1.424896,3456.046833
nine,1,1,1,134.920861,1.559018,3429.917439
nine,1,1,1,135.044861,1.339365,3242.808674
nine,1,1,1,142.926861,1.426381,4118.32732
nine,1,1,1,137.376861,1.478531,3882.010465
nine,1,1,1,144.994861,1.584932,4479.01039
nine,1,1,1,129.306861,1.377709,2787.453038
nine,1,1,1,128.230861,1.30956,2741.03901
nine,1,1,1,129.536861,1.281572,3024.629928
nine,1,1,1,150.874861,1.702441,4716.158306
nine,1,1,1,139.850861,1.535636,4077.83686
nine,1,1,1,143.736861,1.373109,3940.943157
nine,1,1,1,138.650861,1.451608,3776.501007
nine,1,1,1,150.592861,1.494493,5004.589369
nine,1,1,1,150.360861,1.503396,4641.723604
nine,1,1,1,135.996861,1.444872,3362.541425
