@relation training

@attribute class {zero,one,two,three,four,five,six,seven,eight,nine}
@attribute mor_0 numeric
@attribute mor_1 numeric
@attribute mor_2 numeric
@attribute mor_3 numeric
@attribute mor_4 numeric
@attribute mor_6 numeric

@data
zero,1,0,0,127.766861,1.232623,1604.780162
zero,1,0,0,127.650861,1.269962,1653.768568
zero,1,0,0,132.596861,1.374103,1632.047281
zero,1,0,0,131.256861,1.26114,1719.125603
zero,1,0,0,132.422861,1.236974,1655.205001
zero,1,0,0,129.817861,1.296367,1791.835534
zero,1,0,0,136.822861,1.269062,1799.855201
zero,1,0,0,129.552861,1.320467,1764.701054
zero,1,0,0,123.887861,1.288205,1664.23941
zero,1,0,0,129.098861,1.276454,1664.239391
zero,1,0,0,131.372861,1.358671,1638.356526
zero,1,0,0,131.536861,1.355819,1831.15225
zero,1,0,0,126.998861,1.26663,1542.462627
zero,1,0,0,134.936861,1.264624,1611.208565
zero,1,0,0,132.678861,1.326601,1617.683221
zero,1,0,0,124.136861,1.263616,1560.034174
zero,1,0,0,130.636861,1.216297,1601.070959
zero,1,0,0,131.066861,1.246369,1795.985887
zero,1,0,0,129.403861,1.310423,1731.031579
zero,1,0,0,133.034861,1.250948,1718.367277
zero,1,0,0,138.442861,1.379906,1918.750472
zero,1,0,0,127.948861,1.317956,1595.632139
zero,1,0,0,136.640861,1.302338,1759.938914
zero,1,0,0,130.810861,1.248912,1627.671359
zero,1,0,0,135.738861,1.279935,1949.631773
zero,1,0,0,135.300861,1.306836,1690.068384
zero,1,0,0,128.146861,1.212417,1726.835761
zero,1,0,0,139.972861,1.313272,1997.273622
zero,1,0,0,128.618861,1.225879,1517.039218
zero,1,0,0,132.215861,1.26305,1757.956207
zero,1,0,0,125.442861,1.298215,1591.472529
zero,0,2,0,209.418861,2.027482,13099.455286
zero,1,0,0,133.464861,1.296726,1568.881562
zero,1,0,0,131.173861,1.319031,1568.978435
zero,1,0,0,125.600861,1.164346,1497.753302
zero,1,0,0,130.958861,1.348961,1755.422128
zero,1,0,0,128.122861,1.238959,1508.249286
zero,1,0,0,128.684861,1.319394,1624.011556
zero,1,0,0,128.667861,1.272193,1640.830426
zero,1,0,0,130.230861,1.317101,1669.673789
zero,1,0,0,134.820861,1.249143,1623.20697
zero,1,0,0,129.850861,1.299141,1551.035202
zero,0,2,0,218.300861,2.229401,9370.670736
zero,1,0,0,127.923861,1.327469,1560.581747
zero,1,0,0,129.676861,1.273593,1830.097057
zero,0,2,0,231.276861,2.38708,15215.964412
zero,1,0,0,133.232861,1.369648,1747.263857
zero,1,0,0,139.666861,1.463253,2154.437406
zero,1,0,0,126.882861,1.226248,1606.8253
zero,1,0,0,123.236861,1.365678,2097.188584
zero,1,0,0,127.262861,1.329637,1647.720235
zero,1,0,0,130.322861,1.258018,1679.91193
zero,1,0,0,131.058861,1.310403,2027.211367
zero,1,0,0,127.948861,1.32415,1652.673224
zero,1,0,0,131.554861,1.294393,1768.849417
zero,1,0,0,121.572861,1.248125,1530.151156
zero,1,0,0,124.020861,1.221007,1454.976293
zero,1,0,0,129.478861,1.270878,1695.055281
zero,1,0,0,132.596861,1.316714,1694.231061
zero,1,0,0,126.394861,1.26536,1803.287201
zero,1,0,0,126.956861,1.275816,1608.740609
zero,1,0,0,129.048861,1.339143,1605.035208
zero,1,0,0,127.956861,1.289142,1586.722364
zero,1,0,0,126.882861,1.22769,1707.518308
zero,1,0,0,136.978861,1.30855,1963.711458
zero,1,0,0,130.280861,1.298552,1705.019387
zero,1,0,0,144.016861,1.343802,2256.65348
zero,1,0,0,126.278861,1.210506,1514.355177
zero,1,0,0,127.882861,1.327942,1631.551109
zero,1,0,0,136.598861,1.327176,1711.670697
zero,1,0,0,133.588861,1.38345,1666.205493
zero,1,0,0,134.490861,1.295977,1728.132575
zero,1,0,0,133.382861,1.272739,1567.084426
zero,1,0,0,131.487861,1.367231,1914.107054
zero,1,0,0,130.519861,1.368366,1861.505678
zero,1,0,0,128.800861,1.242598,1519.847054
zero,1,0,0,128.858861,1.270186,1632.641545
zero,1,0,0,133.018861,1.294699,1813.312452
zero,1,0,0,130.140861,1.293127,1601.576424
zero,1,0,0,129.891861,1.286668,1782.854228
zero,1,0,0,134.324861,1.301996,1785.058233
zero,1,0,0,127.138861,1.1922,1613.15094
zero,1,0,0,131.934861,1.356304,1623.238035
zero,1,0,0,133.306861,1.30766,1829.529741
zero,1,0,0,134.235861,1.360231,2267.902684
zero,1,0,0,127.146861,1.21953,1521.022814
zero,1,0,0,133.150861,1.311693,1620.221779
zero,1,0,0,128.799861,1.213826,1650.613831
zero,1,0,0,123.945861,1.239283,1634.678494
zero,1,0,0,135.862861,1.340864,1733.270959
zero,1,0,0,126.939861,1.290469,1732.9834
zero,1,0,0,130.660861,1.359555,1859.826849
zero,1,0,0,135.060861,1.252043,1652.290596
zero,1,0,0,135.978861,1.303489,1853.991544
zero,1,0,0,125.219861,1.24423,1602.840912
zero,1,0,0,135.846861,1.366889,1640.186583
zero,1,0,0,124.425861,1.276571,1701.558585
zero,1,0,0,136.226861,1.329887,1877.636421
one,0,2,0,148.756861,1.675862,4918.628047
one,0,2,0,130.092861,1.415676,3100.755545
one,0,2,0,132.770861,1.286175,2900.261136
one,0,3,1,141.610861,1.358262,4615.541733
one,0,3,1,135.507861,1.441723,4255.362811
one,0,3,1,153.908861,1.355455,4170.923374
one,0,2,0,142.711861,1.341198,3359.635559
one,0,3,1,143.165861,1.386056,4104.3202
one,0,2,0,135.152861,1.404386,3247.438041
one,0,2,0,145.448861,1.353467,3350.713203
one,0,2,0,136.152861,1.49052,4092.140579
one,0,3,1,150.354861,1.765731,6730.247605
one,0,2,0,137.600861,1.497378,3810.383253
one,0,2,0,137.170861,1.291275,3030.359717
one,0,2,0,134.606861,1.316439,2984.782311
one,0,3,1,142.686861,1.517025,4909.856848
one,0,2,0,143.628861,1.423621,3550.768024
one,0,2,0,132.406861,1.281139,2728.172825
one,0,2,0,128.122861,1.384995,3126.28153
one,0,3,1,138.037861,1.286606,3489.973118
one,0,2,0,138.906861,1.407563,3432.480671
one,0,3,1,139.238861,1.444885,3672.318014
one,0,2,0,139.261861,1.241062,2250.276695
one,0,2,0,138.534861,1.29265,3228.25438
one,0,3,1,136.078861,1.475338,4657.636548
one,0,3,1,136.616861,1.404436,3771.59765
one,0,3,1,142.496861,1.60662,5119.361368
one,0,3,1,141.222861,1.404113,4416.103747
one,0,2,0,141.528861,1.421352,4289.40047
one,0,2,0,130.139861,1.168549,1942.058817
one,0,2,0,140.172861,1.409521,3187.611963
one,0,2,0,133.208861,1.288899,2416.307941
one,0,2,0,132.472861,1.384071,3238.837287
one,0,2,0,133.754861,1.288134,2821.708852
one,0,3,1,152.246861,1.536802,5779.456775
one,0,2,0,130.578861,1.233348,2197.130197
one,0,2,0,127.278861,1.247775,2630.604228
one,0,3,1,136.318861,1.432133,3775.714556
one,0,2,0,130.347861,1.236025,2389.435743
one,0,2,0,130.570861,1.248051,2838.268786
one,0,2,0,133.994861,1.301875,2844.444322
one,0,3,1,132.604861,1.266766,3294.542949
one,0,2,0,153.222861,1.603066,5853.127996
one,0,3,1,133.720861,1.332009,3389.70723
one,0,2,0,132.580861,1.334876,3552.805839
one,0,3,1,132.382861,1.289276,3256.693019
one,0,2,0,139.692861,1.521276,4354.333826
one,0,2,0,134.126861,1.293981,2989.56261
one,0,2,0,136.988861,1.34054,3296.954904
one,0,2,0,131.397861,1.243176,2260.193519
one,0,2,0,131.290861,1.252061,2972.996929
one,0,3,1,132.976861,1.283637,3294.15124
one,0,3,1,130.818861,1.318817,3223.869449
one,0,3,1,139.584861,1.298194,3055.208616
one,0,3,1,127.469861,1.446466,3753.589891
one,0,3,1,138.269861,1.344208,2626.221609
one,0,3,1,140.568861,1.337488,3745.487184
one,0,2,0,136.102861,1.339141,3045.174816
one,0,3,1,135.615861,1.346694,3253.932959
one,0,2,0,130.067861,1.472378,3410.535772
one,0,2,0,136.872861,1.3386,3119.817292
one,0,2,0,123.342861,1.438571,2738.415961
one,0,2,0,133.928861,1.257261,3290.017059
one,0,3,1,136.574861,1.35959,3654.52119
one,0,2,0,136.094861,1.288339,3050.003532
one,0,2,0,133.795861,1.322084,2805.48196
one,0,2,0,140.990861,1.221036,2197.882162
one,0,3,1,147.640861,1.684927,6336.329658
one,0,3,1,135.689861,1.332648,3541.002374
one,0,2,0,137.798861,1.401772,3648.335381
one,0,3,1,148.400861,1.456604,4637.840506
one,0,2,0,135.474861,1.30016,3061.816664
one,0,2,0,134.597861,1.325947,3491.201695
one,0,2,0,125.534861,1.449347,3027.626444
one,0,3,1,142.528861,1.408378,4734.158167
one,0,2,0,137.170861,1.281326,2916.292406
one,0,3,1,137.599861,1.368942,4152.130618
one,0,2,0,134.424861,1.374619,3432.422035
one,0,2,0,134.350861,1.28271,3345.685383
one,0,3,1,146.589861,1.411742,4624.49115
one,0,2,0,131.545861,1.280362,2864.290187
one,0,3,1,156.034861,1.526002,5673.81668
one,0,2,0,137.748861,1.278342,3213.045328
one,0,2,0,140.130861,1.350325,3655.555177
one,0,2,0,136.194861,1.452134,3334.110374
one,0,2,0,136.144861,1.462082,3576.912855
one,0,3,1,135.160861,1.295648,2982.128008
one,0,3,1,131.744861,1.312326,3355.984762
one,0,2,0,132.092861,1.282635,2831.14757
one,0,3,1,142.272861,1.383946,4014.584125
one,0,2,0,146.233861,1.375825,3239.991246
one,0,3,1,146.382861,1.381846,2991.356255
one,0,2,0,135.300861,1.29178,2295.147814
one,0,3,1,143.976861,1.524258,4804.798169
one,0,2,0,137.682861,1.496046,4395.574149
one,0,2,0,130.363861,1.282674,2429.448923
one,0,2,0,138.642861,1.407615,3198.815151
one,0,2,0,144.149861,1.287839,2574.880441
two,0,2,0,180.754861,1.908253,9236.347017
two,0,2,0,180.084861,2.065354,10383.516035
two,0,2,0,200.455861,2.135772,12815.776719
two,0,2,0,168.836861,1.912786,8950.947076
two,0,3,1,203.770861,2.025999,12442.14279
two,0,2,0,190.885861,1.993,10160.088215
two,0,2,0,181.432861,1.920799,9503.117046
two,0,2,0,189.678861,1.988588,10490.343668
two,0,3,1,190.000861,2.034562,10087.465598
two,0,2,0,180.266861,2.043928,10484.021251
two,0,3,1,177.041861,1.741948,6955.245778
two,0,2,0,191.968861,2.090569,11575.880161
two,0,2,0,177.174861,2.040429,9774.504211
two,0,2,0,166.214861,1.922235,7927.742891
two,0,2,0,195.542861,1.960083,11127.522887
two,0,3,1,204.696861,2.012826,11580.750505
two,0,2,0,193.260861,2.026141,11076.601022
two,0,2,0,183.450861,1.924623,9915.45606
two,0,2,0,180.192861,1.81541,9298.405847
two,0,2,0,188.520861,1.943182,10355.376555
two,0,2,0,187.750861,2.058486,10846.700491
two,0,2,0,172.072861,2.062303,9499.490563
two,0,2,0,190.256861,1.918026,10275.862944
two,0,3,1,178.248861,1.713643,8632.919926
two,0,2,0,223.296861,2.55883,13018.090821
two,0,2,0,202.538861,2.360232,13014.443008
two,0,2,0,178.166861,2.060457,10367.975021
two,0,2,0,199.586861,2.196566,12487.673053
two,0,2,0,175.800861,1.900389,8519.378288
two,0,2,0,185.676861,1.995461,11184.708343
two,0,2,0,200.058861,1.997797,11920.934127
two,0,2,0,171.764861,1.807028,7563.383152
two,0,2,0,188.678861,2.05935,11500.401738
two,0,3,1,189.372861,2.15942,10842.553855
two,0,2,0,200.668861,2.122952,11510.314943
two,0,2,0,201.100861,2.003188,11771.377278
two,0,2,0,189.100861,2.095565,10524.65185
two,0,2,0,194.706861,2.025968,11045.379389
two,0,2,0,182.838861,1.967819,9629.454458
two,0,2,0,187.014861,1.952584,10192.868764
two,0,2,0,193.102861,2.027287,10775.343598
two,0,2,0,181.648861,2.107822,9578.79959
two,0,2,0,204.515861,2.113703,11909.113687
two,0,2,0,191.530861,1.887956,10609.477747
two,0,2,0,203.804861,2.040325,12260.313863
two,0,2,0,183.236861,1.828667,9885.668003
two,0,2,0,190.564861,2.123288,11295.040352
two,0,2,0,190.944861,2.109499,9958.568754
two,0,3,1,192.646861,2.01692,11262.432365
two,0,2,0,187.338861,1.916974,9772.330884
two,0,2,0,176.776861,1.878131,8604.726175
two,0,2,0,201.330861,2.284605,11864.604927
two,0,2,0,162.403861,1.616716,6738.528577
two,0,2,0,204.698861,2.079617,12819.327662
two,0,2,0,191.150861,1.978231,11158.094989
two,0,2,0,189.346861,2.169786,10841.254857
two,0,2,0,188.860861,2.091292,10516.40694
two,0,2,0,198.626861,2.104311,11288.750651
two,0,2,0,197.262861,2.08986,9520.673751
two,0,2,0,199.660861,1.938728,12370.7252
two,0,2,0,203.854861,2.17821,12826.225572
two,0,2,0,194.566861,2.171268,12202.529749
two,0,2,0,185.320861,1.941558,11312.415865
two,0,2,0,205.002861,2.088129,12375.060858
two,0,2,0,162.179861,1.838852,8592.084147
two,0,2,0,197.866861,2.164499,11817.640146
two,0,2,0,197.734861,2.16143,11864.419656
two,0,2,0,204.382861,2.123762,12497.722802
two,0,2,0,193.052861,2.0823,10795.736538
two,0,2,0,200.198861,2.3172,11504.647461
two,0,2,0,175.080861,1.852247,8488.775971
two,0,2,0,206.838861,2.024075,12424.144391
two,0,2,0,184.782861,2.03364,9803.585155
two,0,2,0,169.382861,1.925193,8596.957479
two,0,2,0,171.400861,2.004225,8726.454015
two,0,2,0,180.052861,1.847286,9837.072335
two,0,2,0,163.849861,1.784349,7033.617718
two,0,3,0,185.286861,1.946579,9900.675466
two,0,2,0,194.864861,1.999253,10878.2649
two,1,1,1,159.722861,1.657448,5540.35815
two,0,2,0,188.926861,1.998729,10406.002131
two,0,2,0,190.298861,1.985512,11316.466084
two,0,2,0,186.130861,1.939374,10791.496462
two,0,2,0,194.706861,2.077484,10844.623006
two,0,2,0,198.188861,1.997991,11721.200167
two,0,2,0,175.800861,1.841819,9071.296402
two,0,2,0,207.822861,2.172815,12274.344057
two,0,2,0,175.692861,1.965263,9308.355267
two,0,2,0,164.262861,1.924068,8348.204419
two,0,2,0,143.852861,1.588024,4790.233746
two,0,2,0,197.874861,2.053352,10906.43064
two,0,2,0,195.236861,2.127745,11077.545687
two,0,2,0,201.934861,2.351188,12998.871847
two,0,2,0,191.250861,2.098446,10695.619299
three,0,3,1,198.998861,2.148005,12700.228357
three,0,3,1,200.734861,2.173116,12567.869557
three,0,4,2,184.028861,1.764095,9560.24594
three,0,3,1,195.112861,2.026062,12050.609485
three,0,3,1,187.362861,2.076305,11248.090349
three,0,3,1,172.476861,1.933856,10063.712728
three,0,3,1,174.056861,1.857153,8846.744263
three,0,3,1,207.674861,2.301397,14634.753374
three,0,3,1,185.650861,1.993735,10466.95006
three,0,4,2,175.436861,1.973289,8248.421383
three,0,4,2,180.928861,1.742446,10463.681107
three,0,2,0,168.624861,1.915023,8822.056707
three,0,3,1,157.672861,1.772074,7814.674346
three,0,3,1,188.256861,2.050145,10306.117309
three,0,3,1,190.314861,2.023399,10211.824353
three,0,4,2,203.794861,2.201386,13935.999485
three,0,3,1,175.701861,1.874705,7955.096455
three,0,3,1,186.932861,2.084446,10726.28569
three,0,4,2,169.598861,1.727509,8910.369551
three,0,3,1,184.236861,1.852611,9926.684989
three,0,3,1,179.026861,1.84903,8527.506976
three,0,3,1,170.028861,1.746755,8077.610813
three,0,3,1,167.886861,1.835163,8525.265406
three,0,3,1,217.854861,2.374242,16356.147439
three,0,3,1,178.522861,1.955835,8373.783023
three,0,3,1,206.714861,2.065559,12370.023331
three,0,3,1,191.522861,2.133962,10939.174941
three,0,3,1,192.845861,2.04019,11367.298734
three,0,4,2,187.346861,2.006142,11269.239772
three,0,2,0,181.970861,1.986135,8527.398384
three,0,4,2,183.294861,2.005093,10691.516287
three,0,3,1,181.896861,1.896552,9601.784946
three,0,3,1,202.397861,2.199232,14817.290386
three,0,3,1,180.158861,1.943223,9071.040054
three,0,4,2,163.454861,1.716028,7601.00931
three,0,3,1,165.496861,1.887162,8692.21883
three,0,2,0,165.462861,1.608568,7739.406955
three,0,2,0,192.630861,1.879394,11076.026497
three,0,3,1,174.866861,1.876565,8755.626201
three,0,3,1,178.868861,1.848637,8202.668226
three,0,3,1,206.640861,2.156019,12907.011054
three,0,2,0,170.614861,1.958364,8276.339409
three,0,4,2,193.846861,1.974496,10159.923818
three,0,3,1,183.648861,1.989612,9150.224116
three,0,3,1,210.370861,2.231881,15242.065184
three,0,3,1,176.380861,2.03809,9590.974495
three,0,3,1,203.588861,1.905927,13138.417138
three,0,2,0,151.386861,1.631691,5850.605589
three,0,3,1,193.590861,1.92002,11953.478108
three,0,3,1,182.144861,1.932423,10334.978467
three,0,3,1,159.798861,1.786072,7304.182941
three,0,3,1,176.298861,1.847037,9528.447663
three,0,3,1,160.766861,1.798304,8207.871306
three,0,3,1,193.944861,2.200793,11751.944647
three,0,2,0,186.080861,2.071711,10529.158964
three,0,3,1,183.442861,1.982998,10757.710501
three,0,2,0,176.454861,1.78574,10076.938677
three,0,3,1,209.576861,2.136112,15203.105245
three,0,3,1,179.390861,1.872984,9118.29772
three,0,2,0,162.940861,1.593542,6285.724599
three,0,4,1,177.628861,2.045658,9595.303063
three,0,2,0,180.042861,1.978465,8943.06283
three,0,4,2,170.714861,1.934063,9992.607526
three,0,3,1,178.456861,1.874825,9784.332319
three,0,3,1,182.516861,1.897838,11437.436131
three,0,2,0,145.912861,1.655749,5204.765756
three,0,3,1,184.814861,1.945672,10767.472032
three,0,2,0,167.605861,1.941587,8221.398903
three,0,2,0,172.748861,1.77001,8960.334458
three,0,4,2,171.202861,1.965113,9201.726772
three,0,2,0,137.742861,1.525253,3801.706956
three,0,3,1,170.094861,1.783269,8538.213152
three,0,3,1,162.693861,1.681466,6887.740974
three,0,3,1,175.726861,1.855172,8390.676164
three,0,3,1,193.010861,1.910728,11054.802955
three,0,3,1,202.306861,2.109357,13632.604537
three,0,3,1,202.786861,2.069609,12568.45198
three,0,2,0,157.556861,1.609052,5877.716905
three,0,3,1,172.932861,2.003297,10281.3982
three,0,4,2,175.478861,1.82714,9665.159322
three,0,3,0,143.142861,1.546225,5338.505378
three,0,3,1,178.224861,1.940895,9466.056547
three,0,2,0,172.252861,1.822329,8623.000595
three,0,4,2,180.580861,1.966552,9788.188629
three,0,3,1,209.062861,2.29042,12900.695228
three,0,4,2,179.704861,1.869869,9534.49311
three,0,3,1,155.166861,1.767925,7200.174744
three,0,3,1,172.550861,1.846375,9906.514028
three,0,2,0,154.082861,1.794033,6626.833373
three,0,4,2,188.718861,1.974437,10852.680114
three,0,3,1,200.412861,2.247081,13358.621877
three,0,3,1,169.888861,1.787292,8188.013445
three,0,3,1,187.288861,1.964888,10659.025006
three,0,3,1,180.052861,2.009299,9421.332398
three,0,4,2,172.220861,1.82071,8677.42931
three,0,4,2,175.974861,1.891194,9061.175027
three,0,2,0,169.120861,1.784182,7032.551853
three,0,4,2,194.640861,2.130812,12182.301677
three,0,4,2,172.468861,1.924666,10098.776836
three,0,3,1,158.640861,1.702437,6889.133154
three,0,3,1,184.012861,1.997981,10937.027875
three,0,3,1,192.010861,2.002006,11134.455481
three,0,3,1,179.200861,1.906591,8873.645224
four,0,3,1,179.902861,1.824159,9869.987315
four,0,3,1,150.088861,1.722761,6256.096894
four,0,3,1,161.344861,1.720288,7030.037441
four,0,2,0,153.528861,1.688388,5951.875847
four,0,3,1,162.724861,1.827403,9359.882447
four,0,3,1,147.888861,1.602196,6286.78863
four,0,2,0,153.958861,1.687993,6349.397568
four,0,3,1,168.530861,1.645248,7900.774068
four,0,3,1,161.732861,1.750888,8265.003574
four,0,3,1,165.892861,1.74283,8894.771329
four,0,2,0,161.262861,1.74967,6405.390424
four,0,4,2,164.214861,1.824012,7819.851763
four,0,2,0,150.906861,1.735025,6092.586056
four,0,3,1,155.794861,1.694106,6382.724165
four,0,4,2,168.414861,1.86489,9126.645095
four,0,3,1,157.166861,1.770607,6909.184114
four,1,3,3,146.863861,1.549377,4952.085367
four,0,2,0,161.186861,1.724774,6760.364608
four,0,3,1,159.458861,1.696548,7908.003397
four,0,4,2,168.126861,1.883595,9468.033592
four,0,3,1,156.778861,1.69228,7357.324082
four,0,3,1,167.802861,1.858113,8587.880461
four,0,3,1,168.894861,1.901217,9983.232343
four,0,4,2,155.628861,1.7983,7490.574784
four,0,3,1,151.882861,1.698929,6699.969838
four,0,3,1,174.650861,1.841235,9831.743035
four,0,2,0,149.128861,1.672072,6858.852431
four,0,3,1,159.226861,1.858682,8155.175753
four,0,3,1,163.684861,1.75403,7703.2111
four,0,3,1,152.776861,1.693032,7281.139939
four,0,3,1,157.026861,1.667119,7316.139782
four,0,4,2,154.356861,1.745926,7682.991676
four,0,3,1,155.952861,1.78859,7817.275996
four,0,3,1,152.238861,1.67293,6403.842055
four,0,2,0,150.660861,1.764743,6041.304945
four,0,3,1,152.006861,1.722116,7239.598485
four,0,2,0,164.404861,1.801163,7544.119891
four,0,3,1,164.288861,1.734419,8314.07354
four,0,3,1,167.612861,1.870475,9006.576856
four,0,2,0,156.994861,1.713532,6757.236552
four,0,4,2,158.094861,1.679648,7023.251119
four,0,3,1,154.150861,1.807181,7312.855404
four,0,3,1,170.250861,1.820454,9238.215049
four,0,4,2,155.372861,1.695829,7497.890571
four,0,3,1,160.600861,1.85731,7466.42023
four,0,3,1,154.786861,1.77229,6892.643238
four,0,3,1,162.345861,1.740938,8835.079006
four,0,3,1,169.712861,1.862126,9081.41122
four,0,3,1,161.566861,1.823087,8481.510965
four,0,3,1,174.346861,1.827847,9602.322663
four,0,3,1,152.420861,1.620515,6407.950926
four,0,2,0,157.250861,1.660118,6977.897734
four,0,3,1,156.604861,1.794585,7836.867484
four,0,3,1,159.152861,1.807453,9255.027412
four,0,2,0,153.768861,1.541349,6642.731584
four,0,3,1,158.706861,1.67902,8574.682952
four,0,3,1,149.740861,1.711696,6359.740555
four,0,3,1,141.148861,1.567807,6003.005261
four,0,2,0,155.720861,1.75292,6811.658079
four,0,3,1,151.196861,1.675523,6378.675113
four,0,2,0,136.392861,1.368039,3387.761631
four,0,5,1,99.508861,1.549958,3579.871402
four,0,4,2,169.606861,1.986664,9267.358036
four,0,2,0,163.222861,1.900452,7578.850897
four,0,3,1,167.612861,1.961618,8222.614156
four,0,2,0,158.416861,1.747461,7458.459002
four,0,3,1,163.620861,1.738358,8313.907844
four,0,4,2,145.606861,1.699693,6961.110328
four,0,2,0,151.899861,1.711271,5926.192985
four,0,4,2,156.018861,1.670677,7963.756281
four,0,2,0,155.704861,1.737588,6036.654281
four,0,3,1,140.312861,1.522366,5668.756007
four,0,2,0,145.937861,1.715346,5492.611957
four,0,2,0,145.448861,1.550802,5775.93994
four,0,3,1,179.240861,1.959273,10298.700771
four,0,4,1,157.672861,1.766475,6775.265889
four,0,3,1,152.950861,1.641376,5971.371266
four,0,2,0,145.812861,1.629751,5873.688014
four,0,3,1,162.684861,1.812647,8306.160447
four,0,3,1,173.592861,1.836505,8935.831165
four,0,3,1,152.188861,1.757077,7573.708287
four,0,2,0,146.400861,1.58842,5818.681688
four,0,3,1,155.934861,1.680711,7086.939401
four,0,3,1,152.808861,1.707945,6332.259288
four,0,3,1,143.604861,1.574473,5483.127442
four,0,3,1,157.052861,1.711605,6720.015256
four,0,3,1,154.976861,1.824761,6841.245828
four,0,4,2,175.346861,1.958316,9890.350184
four,0,3,1,159.756861,1.707018,7929.071697
four,0,3,1,157.176861,1.759531,7474.798022
four,0,3,1,162.476861,1.83189,7243.715822
four,0,4,2,167.852861,1.768334,8463.835796
four,0,3,1,175.427861,1.94856,9886.84838
four,0,3,1,155.430861,1.640904,7442.470438
four,0,2,0,148.128861,1.627766,6230.010932
four,0,3,1,153.056861,1.626123,6476.269171
four,0,3,1,165.172861,1.934727,9146.979155
four,0,3,1,149.675861,1.732422,5827.969893
four,0,3,1,154.536861,1.680427,7140.100545
four,0,3,1,162.162861,1.703644,8031.623245
four,0,3,1,152.164861,1.777768,8090.030824
five,0,3,1,198.022861,1.94014,12364.965945
five,0,2,0,201.612861,2.018381,13667.143426
five,0,3,1,180.548861,1.814374,10620.2555
five,0,2,0,202.760861,2.023512,12496.367184
five,0,3,1,191.159861,1.98636,12188.133665
five,0,2,0,191.928861,2.006641,12731.331079
five,0,2,0,197.062861,1.878226,11408.922963
five,0,3,1,201.736861,2.123822,13774.170852
five,0,3,1,211.254861,2.077313,13534.033707
five,0,3,1,206.010861,2.145049,13672.784803
five,0,3,1,201.082861,2.078222,13518.536656
five,0,3,1,197.278861,2.054128,12679.956909
five,0,2,0,191.174861,2.068099,11354.159906
five,0,2,0,180.225861,1.946794,11082.962327
five,0,2,0,186.188861,2.119652,11926.498601
five,0,3,1,213.098861,2.300201,15243.975531
five,0,2,0,157.474861,1.854173,8127.989723
five,0,3,1,205.332861,2.136534,14118.850411
five,0,3,1,189.801861,1.763316,11438.778214
five,0,2,0,178.926861,2.074482,9820.566203
five,0,3,1,207.970861,2.050008,13458.901259
five,0,2,0,216.886861,2.153731,15639.270447
five,0,2,0,193.606861,2.09595,13252.184397
five,0,2,0,192.688861,1.893599,11999.51754
five,0,3,1,164.552861,1.668515,6735.737738
five,0,3,1,183.830861,1.85919,10150.083813
five,0,3,1,169.829861,1.713191,9155.175602
five,0,3,1,199.966861,2.039494,13436.646565
five,0,3,1,211.047861,2.188569,15227.636589
five,0,3,1,194.474861,2.001882,12748.978611
five,0,3,1,199.395861,1.943073,13363.326997
five,0,3,1,195.954861,2.076003,12586.802822
five,0,2,0,193.268861,2.019264,13516.477816
five,0,2,0,176.858861,1.880336,9021.524961
five,0,2,0,191.902861,2.238198,11197.459489
five,0,3,1,205.440861,2.000787,14158.119163
five,0,3,1,199.388861,2.22508,14037.38861
five,0,3,1,216.761861,2.087538,14591.280728
five,0,2,0,208.368861,2.165181,14598.332551
five,0,2,0,197.212861,2.104223,12509.460196
five,0,2,0,177.330861,1.838923,9223.048676
five,0,3,1,173.682861,1.663958,8841.968616
five,0,3,1,191.142861,2.039457,13029.405324
five,0,3,1,217.622861,2.084923,15740.519374
five,0,2,0,190.669861,1.831992,10589.774726
five,0,3,1,217.986861,2.125508,15088.926868
five,0,3,1,213.644861,2.193381,15399.360539
five,0,2,0,194.508861,1.999572,11990.3379
five,0,3,1,212.470861,2.190048,14876.745098
five,0,2,0,199.998861,1.970224,11900.516244
five,0,2,0,192.556861,1.921678,11324.820932
five,0,3,1,210.468861,2.025752,15197.649236
five,0,3,1,169.855861,1.952888,9872.10531
five,0,3,1,212.204861,2.182938,15406.875378
five,0,3,1,208.069861,2.102982,14814.883338
five,0,3,1,176.238861,2.031343,9681.489502
five,0,3,1,193.664861,1.904347,13225.580607
five,0,2,0,179.488861,1.773592,10886.358367
five,0,2,0,199.594861,2.010881,13193.454632
five,0,2,0,179.448861,1.857126,11172.939007
five,0,3,1,186.246861,1.962115,11315.088636
five,0,2,0,181.142861,1.956699,10845.718373
five,0,3,1,202.538861,2.11322,14753.543904
five,0,3,1,218.962861,2.305172,16695.467792
five,0,3,1,187.668861,2.00959,10700.893916
five,0,2,0,194.822861,1.932238,11839.829899
five,0,2,0,180.092861,2.037025,9605.468984
five,0,2,0,174.220861,2.028505,9504.139244
five,0,3,1,222.618861,2.251476,14513.159302
five,0,3,1,185.062861,2.021396,10928.326301
five,0,3,1,215.232861,2.107486,14951.708556
five,0,2,0,180.142861,1.685506,10686.689399
five,0,2,0,180.679861,2.068762,9746.836405
five,0,3,1,193.820861,1.909364,11318.949009
five,0,3,1,201.734861,2.009504,13699.032164
five,0,3,1,179.636861,1.817942,10675.409512
five,0,3,1,196.194861,2.066917,12622.763461
five,0,3,1,195.466861,1.945855,12046.504968
five,0,2,0,170.019861,1.685203,8105.99096
five,0,3,1,214.884861,2.148545,14945.871904
five,0,3,1,214.355861,2.082652,15228.181591
five,0,2,0,178.810861,2.050743,9694.059784
five,0,2,0,209.690861,2.099251,14252.117936
five,0,3,1,193.169861,1.919406,13072.870192
five,0,2,0,159.633861,1.781434,6340.380787
five,0,3,1,187.776861,1.804195,10927.117573
five,0,3,1,214.355861,2.082652,15228.181591
five,0,2,0,184.914861,1.93597,11989.411591
five,0,3,1,201.032861,2.117886,12879.367967
five,0,3,1,206.954861,2.066661,13778.037704
five,0,3,1,206.598861,2.024164,14745.69674
five,0,3,1,201.934861,1.940228,12500.566867
five,0,3,1,187.768861,1.959115,11744.776432
five,0,2,0,173.790861,2.001458,9241.17846
five,0,3,1,213.370861,2.199324,14820.644607
five,0,3,1,179.430861,1.921377,11732.825088
five,0,2,0,186.808861,1.945112,12189.995166
five,0,3,1,201.016861,2.10455,13094.210522
five,0,3,1,179.480861,1.866269,10479.969414
five,0,2,0,209.798861,2.055516,13672.51993
five,0,3,1,186.666861,1.915144,11283.444567
six,1,1,1,154.884861,1.451577,4985.377018
six,1,1,1,141.164861,1.452154,3939.097143
six,1,1,1,133.622861,1.33688,3103.297143
six,1,1,1,138.360861,1.353152,3787.671292
six,1,1,1,139.038861,1.390192,3757.750943
six,1,1,1,135.044861,1.339365,3242.808674
six,1,1,1,133.920861,1.564621,3808.021317
six,1,1,1,130.214861,1.317787,2707.995327
six,1,1,1,133.382861,1.534821,3755.549532
six,1,2,1,139.850861,1.458158,3524.816504
six,1,1,1,134.838861,1.442839,3505.648025
six,1,1,1,135.168861,1.438116,3426.276997
six,1,1,1,131.348861,1.492901,3110.505475
six,1,1,1,150.204861,1.641882,4521.846761
six,1,1,1,136.294861,1.45424,3827.672983
six,1,1,1,141.661861,1.548499,4162.402067
six,1,1,1,137.012861,1.431504,3631.859403
six,1,1,1,133.200861,1.464837,3366.476376
six,1,1,1,145.880861,1.631792,4727.127674
six,1,1,1,136.938861,1.45077,3536.37416
six,1,1,1,159.516861,1.508366,5529.822439
six,1,1,1,144.712861,1.469243,4203.445812
six,1,1,1,134.110861,1.387921,3158.131629
six,1,1,1,136.020861,1.390027,3244.831236
six,1,1,1,137.930861,1.353019,3194.798349
six,1,1,1,131.290861,1.241465,2419.457886
six,1,1,1,139.188861,1.36125,3415.757077
six,1,1,1,151.890861,1.556296,4766.838427
six,1,1,1,144.142861,1.510147,4200.747655
six,1,1,1,136.690861,1.469011,3634.575642
six,1,2,2,149.890861,1.65977,4528.578862
six,1,1,1,145.662861,1.514625,3993.685699
six,1,1,1,148.698861,1.583194,4722.321164
six,1,1,1,134.632861,1.509539,3598.942779
six,1,1,1,130.852861,1.430346,3260.08949
six,1,1,1,148.450861,1.623929,4380.418535
six,1,1,1,134.152861,1.506539,3872.733546
six,1,1,1,135.168861,1.543856,3889.058587
six,1,1,1,167.182861,1.642946,5841.681693
six,1,1,1,139.312861,1.426479,3833.659194
six,1,1,1,151.162861,1.542743,4900.632511
six,1,1,1,135.110861,1.385279,3389.102913
six,1,1,1,150.874861,1.702441,4716.158306
six,1,1,1,133.340861,1.391232,3276.395058
six,1,1,1,141.462861,1.427947,3822.61863
six,0,3,1,182.069861,1.91811,9708.534719
six,1,1,1,141.974861,1.468318,3893.038859
six,1,1,1,135.260861,1.495467,3592.353529
six,1,1,1,132.432861,1.47328,3333.168392
six,1,1,1,133.780861,1.445097,3121.224259
six,1,1,1,137.046861,1.442786,3381.939491
six,1,1,1,135.838861,1.380937,3486.654776
six,1,1,1,139.452861,1.332184,3490.171798
six,1,1,1,140.072861,1.389232,3528.483327
six,1,1,1,133.688861,1.416339,3347.27832
six,1,1,1,131.604861,1.500691,3172.705144
six,1,1,1,142.720861,1.598961,4312.91426
six,1,1,1,149.634861,1.542364,4258.511802
six,1,1,1,135.044861,1.483988,3865.489708
six,1,1,1,133.820861,1.400076,3309.147418
six,1,1,1,141.982861,1.501036,3979.9499
six,1,1,1,143.332861,1.556284,4119.686803
six,0,2,0,138.732861,1.397708,3486.447016
six,1,1,1,129.628861,1.373326,2862.955699
six,1,1,1,160.144861,1.525486,5962.293154
six,1,1,1,131.886861,1.367668,3046.965225
six,1,1,1,146.002861,1.667599,4613.043155
six,1,1,1,133.126861,1.336972,2968.131873
six,1,1,1,162.286861,1.573958,5573.324353
six,1,1,1,141.950861,1.529987,4273.277504
six,1,1,1,162.790861,1.705517,5963.337205
six,1,1,1,155.670861,1.470347,5679.536968
six,1,1,1,131.960861,1.498641,3091.3223
six,1,1,1,157.680861,1.496903,5409.010126
six,1,1,1,144.994861,1.582557,4458.557371
six,1,1,1,135.186861,1.35766,3049.169759
six,1,1,1,138.782861,1.456001,3590.409352
six,1,1,1,138.261861,1.469979,3464.45338
six,1,1,1,143.026861,1.613885,4249.885793
six,1,1,1,149.534861,1.514282,4363.931375
six,1,1,1,166.546861,1.848482,6782.349521
six,1,1,1,133.812861,1.555376,3787.03556
six,1,1,1,130.702861,1.383729,3153.25485
six,1,1,1,130.942861,1.514323,3510.701878
six,1,1,1,143.298861,1.432786,4600.991649
six,1,1,1,164.388861,1.725833,5683.979284
six,1,1,1,161.202861,1.669421,5656.882778
seven,0,2,0,164.668861,1.786624,6406.445856
seven,0,2,0,147.788861,1.619124,4827.525901
seven,0,2,0,147.474861,1.665408,5107.881513
seven,0,2,0,167.190861,1.78902,7505.717974
seven,0,2,0,164.692861,1.790863,7149.216992
seven,0,2,0,157.786861,1.774764,5487.846081
seven,0,2,0,163.354861,1.956053,6661.612236
seven,0,3,1,153.834861,1.624055,5670.608973
seven,0,2,0,149.252861,1.618167,5040.41472
seven,0,2,0,163.956861,1.749388,7541.671635
seven,0,2,0,147.268861,1.62698,4890.223053
seven,0,3,1,170.978861,1.846908,7395.695911
seven,0,2,0,152.370861,1.6447,5102.279936
seven,0,3,0,151.138861,1.776479,5758.678756
seven,0,2,0,171.276861,1.892213,7905.111696
seven,0,2,0,160.186861,1.689931,5803.083754
seven,0,3,1,163.626861,1.807698,7304.594738
seven,0,2,0,159.962861,1.872088,6483.969784
seven,0,2,0,149.270861,1.600726,5011.899493
seven,0,3,1,153.710861,1.741421,5741.904542
seven,0,2,0,164.386861,1.865383,6616.864859
seven,0,2,0,148.880861,1.716013,5248.51333
seven,0,3,1,150.038861,1.743979,6081.528557
seven,0,2,0,149.376861,1.600707,5019.134661
seven,0,2,0,156.224861,1.724601,5599.429706
seven,0,2,0,149.070861,1.691584,5162.241482
seven,0,2,0,139.510861,1.622985,4802.081171
seven,0,3,1,149.352861,1.746414,5238.074186
seven,0,2,0,165.818861,1.749347,7206.800154
seven,0,2,0,164.014861,1.71362,6765.264567
seven,0,2,0,144.398861,1.685592,5173.811508
seven,0,2,0,151.948861,1.70369,5481.279909
seven,0,2,0,154.818861,1.702574,5592.53361
seven,0,2,0,171.086861,1.882908,7781.404533
seven,0,2,0,182.978861,1.851763,8128.646826
seven,0,2,0,157.158861,1.670889,5314.059776
seven,0,2,0,154.314861,1.793681,6255.514276
seven,0,2,0,164.552861,1.753241,6549.033872
seven,0,2,0,148.640861,1.637123,4923.796397
seven,0,2,0,146.796861,1.680806,5290.632432
seven,0,2,0,175.700861,1.893754,7733.443267
seven,0,2,0,150.244861,1.83239,5601.368331
seven,0,2,0,145.166861,1.694557,5025.357106
seven,0,2,0,158.242861,1.690841,6450.001211
seven,0,2,0,150.782861,1.749659,5262.351145
seven,0,2,0,151.692861,1.739733,5907.466223
seven,0,2,0,155.050861,1.709026,5522.524233
seven,0,2,0,159.168861,1.804712,6686.468148
seven,0,2,0,164.990861,1.839776,7325.332902
seven,0,2,0,171.788861,1.968583,7881.51558
seven,0,2,0,167.488861,1.897515,7774.274672
seven,0,2,0,155.596861,1.675845,5590.624059
seven,0,2,0,172.814861,1.838648,7520.915095
seven,0,2,0,158.018861,1.694537,6276.701355
seven,0,2,0,165.494861,1.882531,7756.242588
seven,0,2,0,136.212861,1.566084,3804.180776
seven,0,2,0,142.090861,1.63912,4859.757671
seven,0,2,0,147.632861,1.621086,5048.215818
seven,0,2,0,164.320861,1.828026,7234.665223
seven,0,2,0,162.898861,1.849995,6739.807393
seven,0,2,0,153.652861,1.662192,5307.170667
seven,0,2,0,144.538861,1.648178,4699.553636
seven,0,2,0,154.942861,1.703938,5473.071078
seven,0,2,0,151.072861,1.711535,5379.308241
seven,0,2,0,149.682861,1.642353,5062.765658
seven,0,2,0,164.255861,1.729234,5534.869802
seven,0,2,0,148.028861,1.650637,5120.638273
seven,0,2,0,165.982861,1.778655,6568.861082
seven,0,2,0,152.742861,1.62625,5287.995946
seven,0,2,0,163.328861,1.844445,6493.591741
seven,0,2,0,163.964861,1.922235,6905.209731
seven,0,3,1,177.644861,2.059619,8540.495366
seven,0,2,0,151.204861,1.634509,5107.93271
seven,0,2,0,158.036861,1.679032,6097.384825
seven,0,2,0,158.400861,1.675783,5618.883059
seven,0,2,0,148.202861,1.680375,5132.458296
seven,0,2,0,151.684861,1.631335,5022.429939
seven,0,2,0,176.800861,1.837155,7854.619245
seven,0,2,0,153.876861,1.639492,5399.077699
seven,0,3,1,158.374861,1.772942,6822.504922
seven,0,3,1,173.674861,1.815793,7754.129402
seven,0,2,0,148.756861,1.708887,5074.981024
seven,0,2,0,160.798861,1.733136,6475.968172
seven,0,2,0,149.732861,1.622174,4621.767825
seven,0,2,0,145.076861,1.561402,4603.182278
seven,0,2,0,148.996861,1.478654,4450.292723
seven,0,2,0,155.810861,1.765212,5783.671312
seven,0,2,0,168.646861,1.781675,6602.766567
seven,0,3,1,157.266861,1.824898,6479.274489
seven,0,2,0,184.598861,1.9221,7624.827763
seven,0,2,0,166.214861,1.749858,7366.939967
seven,0,2,0,148.276861,1.832524,5463.703246
seven,0,2,0,154.992861,1.728291,5654.590735
seven,0,2,0,145.704861,1.556871,4794.74799
seven,0,2,0,150.038861,1.666552,5114.151769
seven,0,3,1,161.518861,1.764231,6808.958115
seven,0,3,1,150.800861,1.613639,5583.441335
seven,0,2,0,151.600861,1.777287,5366.174052
seven,0,2,0,154.744861,1.817286,6011.443644
seven,0,2,0,150.558861,1.768127,5307.033963
seven,0,2,0,184.722861,2.028354,8516.526479
seven,0,2,0,152.742861,1.693963,5537.45145
seven,0,2,0,161.186861,1.879952,6490.322959
seven,0,2,0,151.386861,1.733361,5417.69733
seven,0,2,0,160.102861,1.708266,5459.909319
seven,0,2,0,167.670861,1.790296,6451.14901
seven,0,2,0,164.288861,1.759233,7185.352359
eight,2,0,2,131.778861,1.272818,2035.183902
eight,2,0,2,126.493861,1.276847,1847.042501
eight,2,0,2,130.082861,1.231427,1876.733282
eight,2,0,2,134.746861,1.295425,1750.978168
eight,2,0,2,135.094861,1.351607,2031.048631
eight,2,0,2,131.496861,1.311491,2063.889277
eight,2,0,2,126.063861,1.279903,1997.840212
eight,2,0,2,133.250861,1.35025,2140.450321
eight,2,1,3,128.668861,1.269088,1728.209448
eight,2,0,2,136.954861,1.29357,2256.301916
eight,2,0,2,130.884861,1.362814,2055.450086
eight,2,0,2,126.527861,1.30506,2250.359111
eight,2,0,2,136.020861,1.309194,1782.998221
eight,2,0,2,137.938861,1.252616,2444.598327
eight,2,0,2,134.804861,1.256472,1864.701871
eight,2,0,2,135.590861,1.267958,2172.984231
eight,2,0,2,131.232861,1.274285,1785.374617
eight,2,0,2,120.126861,1.408302,2450.887635
eight,2,0,2,131.472861,1.239017,1861.615988
eight,2,0,2,136.954861,1.287808,2010.754617
eight,2,0,2,133.208861,1.340346,2283.56162
eight,2,0,2,126.038861,1.266591,1692.114899
eight,2,0,2,133.878861,1.263102,2044.167616
eight,2,0,2,140.552861,1.313638,2327.407319
eight,2,0,2,131.364861,1.285505,1949.705089
eight,2,0,2,132.994861,1.308561,2065.998751
eight,2,0,2,126.642861,1.268642,2121.958963
eight,1,1,1,131.795861,1.305529,2636.675607
eight,2,0,2,135.582861,1.355637,2055.996931
eight,2,0,2,135.052861,1.265014,2251.761894
eight,2,0,2,128.958861,1.219414,1778.346774
eight,2,0,2,138.095861,1.456876,2212.692582
eight,2,0,2,139.013861,1.425297,2520.049956
eight,2,0,2,131.148861,1.345546,2211.306863
eight,2,0,2,129.520861,1.207222,2127.84117
eight,2,0,2,132.827861,1.367301,2099.973355
eight,2,0,2,136.102861,1.279797,1938.760646
eight,2,0,2,131.670861,1.373808,1992.527073
eight,2,0,2,128.924861,1.329784,1922.10832
eight,2,0,2,130.726861,1.236132,1855.233811
eight,2,0,2,135.862861,1.340864,2162.956277
eight,2,0,2,129.032861,1.339884,1740.098977
eight,2,0,2,132.216861,1.362828,1843.309384
eight,2,0,2,135.292861,1.265867,1992.687702
eight,2,0,2,142.478861,1.445625,2618.490293
eight,2,0,2,132.026861,1.257644,2090.139034
eight,2,0,2,131.330861,1.350095,2183.603608
eight,2,0,2,133.316861,1.380633,2400.049867
eight,2,0,2,129.438861,1.280603,1817.131759
eight,2,0,2,132.902861,1.341541,1871.073825
eight,2,0,2,134.258861,1.30989,1879.321131
eight,2,0,2,126.980861,1.280943,1651.017993
eight,2,0,2,141.097861,1.384923,2532.448181
eight,2,0,2,131.198861,1.339871,2094.817373
eight,1,1,1,204.348861,2.035542,8672.428438
eight,2,0,2,131.918861,1.365235,1860.011587
eight,2,0,2,123.937861,1.239982,1710.51752
eight,1,1,1,122.978861,1.14313,1721.758291
eight,2,0,2,131.372861,1.229189,1777.64522
eight,2,0,2,129.594861,1.34572,1765.41119
eight,1,1,1,133.447861,1.221363,2124.816323
eight,2,0,2,139.352861,1.329705,2039.979949
eight,2,0,2,132.836861,1.277805,1836.407664
eight,2,0,2,132.736861,1.385879,1963.767182
eight,2,0,2,134.539861,1.24186,2050.496219
eight,2,0,2,127.808861,1.334426,1988.104822
eight,2,0,2,137.930861,1.400386,2457.486553
eight,2,0,2,128.668861,1.192144,1902.619483
eight,2,0,2,130.430861,1.268754,1916.95008
eight,2,0,2,132.390861,1.28782,1863.827867
eight,2,0,2,135.408861,1.392017,2407.18951
eight,2,0,2,125.600861,1.225419,1749.440546
eight,2,0,2,125.856861,1.232347,1721.659503
eight,2,0,2,125.774861,1.279457,1791.271365
eight,2,0,2,134.018861,1.265839,1898.301427
eight,2,0,2,129.296861,1.329185,1907.43411
eight,2,0,2,125.534861,1.271243,1763.870384
eight,2,0,2,129.562861,1.252884,2117.851821
eight,2,0,2,132.886861,1.296504,2076.596079
eight,2,0,2,125.368861,1.263068,2031.281448
eight,2,0,2,133.266861,1.293269,1878.885378
eight,2,0,2,128.528861,1.260791,2036.148964
eight,2,0,2,129.528861,1.279135,1872.963289
eight,2,0,2,134.861861,1.255633,2222.223344
eight,2,0,2,138.212861,1.334181,2691.372088
eight,2,0,2,128.775861,1.320327,1830.49453
eight,2,0,2,134.350861,1.334959,1932.024219
eight,2,0,2,131.256861,1.256051,1709.866945
eight,2,0,2,130.892861,1.334125,1668.25292
eight,2,0,2,128.676861,1.286587,1777.753184
eight,2,0,2,136.019861,1.340774,2164.1778
eight,2,0,2,133.068861,1.352777,1753.588754
eight,2,0,2,133.125861,1.348984,2289.727102
eight,2,0,2,139.700861,1.315092,2066.564689
eight,1,1,1,134.324861,1.28541,2131.003237
eight,2,0,2,133.258861,1.252359,1958.511863
eight,2,0,2,134.431861,1.296923,2001.014145
eight,2,0,2,139.046861,1.392899,2362.858659
eight,2,0,2,131.306861,1.264558,1984.421895
eight,2,0,2,133.134861,1.313941,1880.996046
eight,2,0,2,133.911861,1.37846,1917.921424
eight,2,0,2,138.634861,1.363225,2542.039593
eight,2,0,2,131.952861,1.259094,2395.103975
eight,2,0,2,137.632861,1.44095,2371.636337
eight,2,0,2,138.443861,1.417581,2797.936673
eight,2,0,2,126.858861,1.400423,2670.501968
eight,2,0,2,129.404861,1.330296,2059.806534
eight,2,0,2,130.066861,1.250432,1909.789703
eight,2,0,2,125.831861,1.254208,1852.241551
eight,2,0,2,149.782861,1.438308,3298.129044
eight,2,0,2,137.243861,1.352839,2252.597869
nine,1,1,1,133.862861,1.420187,3675.347469
nine,1,1,1,162.790861,1.705517,5963.337205
nine,1,1,1,128.594861,1.283351,2595.600228
nine,1,1,1,143.026861,1.613885,4249.885793
nine,1,2,2,149.890861,1.65977,4528.578862
nine,1,1,1,134.144861,1.464134,3608.452753
nine,1,1,1,145.880861,1.631792,4727.127674
nine,1,1,1,130.894861,1.485332,3634.474219
nine,1,1,1,130.852861,1.430346,3260.08949
nine,1,1,1,134.672861,1.340656,2783.463557
nine,1,1,1,133.564861,1.349087,3301.989829
nine,1,1,1,132.158861,1.51445,3409.961788
nine,1,1,1,128.775861,1.367185,2948.401601
nine,1,1,1,135.186861,1.35766,3049.169759
nine,1,1,1,138.774861,1.481761,3734.586274
nine,1,1,1,136.988861,1.412959,3650.416823
nine,1,1,1,138.700861,1.477798,3694.513743
nine,1,1,1,130.702861,1.442858,3076.358131
nine,1,1,1,123.236861,1.400701,2867.356515
nine,0,3,1,186.312861,1.950606,11687.239766
nine,1,1,1,161.782861,1.629932,5845.270941
nine,1,1,1,128.469861,1.404298,3095.057527
nine,1,1,1,133.688861,1.416339,3347.27832
nine,1,1,1,135.574861,1.437334,4073.644988
nine,1,1,1,130.042861,1.364308,2948.697092
nine,1,1,1,146.490861,1.441351,3786.027658
nine,1,1,1,135.326861,1.375732,2986.026595
nine,1,1,1,155.008861,1.653914,5159.228493
nine,1,1,1,128.180861,1.303085,2349.582604
nine,1,1,1,133.564861,1.429206,3456.270609
nine,1,1,1,137.608861,1.432826,3886.525414
nine,1,1,1,134.110861,1.387921,3158.131629
nine,1,1,1,135.070861,1.437074,3605.527977
nine,1,1,1,131.778861,1.421388,3017.269037
nine,1,1,1,133.622861,1.33688,3103.297143
nine,1,1,1,130.578861,1.441489,3346.083932
nine,1,1,1,147.854861,1.423925,3669.320722
nine,1,1,1,132.472861,1.419565,3442.718957
nine,1,1,1,133.820861,1.400076,3309.147418
nine,1,1,1,134.432861,1.362228,3336.496211
nine,1,1,1,133.126861,1.336972,2968.131873
nine,1,1,1,166.546861,1.848482,6782.349521
nine,1,1,1,139.096861,1.450297,3412.500862
nine,1,1,1,145.482861,1.596269,4437.112998
nine,1,1,1,142.372861,1.539036,4074.165662
nine,1,1,1,138.088861,1.465022,3653.943895
nine,1,1,1,134.688861,1.338318,3260.97243
nine,1,1,1,134.928861,1.321973,3476.298443
nine,1,1,1,133.382861,1.534821,3755.549532
nine,1,1,1,127.230861,1.417616,2834.117472
nine,1,1,1,153.562861,1.645564,4823.132617
nine,1,1,1,157.498861,1.655794,5326.025889
nine,1,1,1,138.576861,1.442905,3575.016364
nine,1,1,1,128.354861,1.331942,2880.566016
nine,1,1,1,141.810861,1.490865,3927.745016
nine,1,1,1,149.294861,1.502203,4784.061922
nine,1,1,1,135.260861,1.495467,3592.353529
nine,1,1,1,156.952861,1.685543,5663.024169
nine,1,1,1,138.558861,1.482644,3905.883497
nine,1,1,1,131.910861,1.340135,2746.513927
nine,1,1,1,133.878861,1.346231,3355.432675
nine,1,1,1,148.698861,1.583194,4722.321164
nine,1,1,1,133.812861,1.555376,3787.03556
nine,1,1,1,137.038861,1.378883,3360.468494
nine,1,1,1,138.650861,1.420637,3690.079426
nine,1,1,1,177.470861,1.762322,6732.361475
nine,1,1,1,144.994861,1.582557,4458.557371
nine,1,1,1,142.016861,1.478723,4026.338356
nine,1,1,1,141.256861,1.56658,4140.395264
nine,1,1,1,138.270861,1.497997,4050.590448
nine,1,1,1,140.512861,1.516704,3837.232096
nine,0,2,0,195.864861,2.062003,8714.098781
nine,1,1,1,144.514861,1.565643,3954.637728
nine,1,1,1,157.770861,1.501162,5613.315099
nine,1,1,1,134.796861,1.340223,3433.305405
nine,1,1,1,142.992861,1.521359,4346.464588
nine,1,1,1,137.186861,1.450333,3740.476333
nine,1,1,1,130.380861,1.486734,3279.727211
nine,1,1,1,157.680861,1.589619,5287.677612
nine,1,1,1,144.804861,1.536273,4127.367857
nine,1,1,1,138.178861,1.429059,3696.041719
nine,1,2,2,159.598861,1.608955,5502.827209
nine,1,1,1,146.350861,1.563774,4257.202425
nine,1,1,1,137.758861,1.432438,3896.595359
nine,1,1,1,148.128861,1.684989,4755.585078
nine,1,1,1,136.938861,1.45077,3536.37416
nine,1,1,1,135.102861,1.464756,3662.653051
nine,1,1,1,144.712861,1.469243,4203.445812
nine,1,1,1,141.486861,1.405865,3506.943928
nine,1,1,1,140.214861,1.389782,3632.041577
nine,1,1,1,134.970861,1.428913,3370.497447
nine,1,1,1,134.814861,1.395206,3344.928005
nine,1,1,1,161.202861,1.669421,5656.882778
nine,1,1,1,136.888861,1.410044,3564.512916
nine,1,1,1,171.516861,1.624576,6554.344946
nine,1,1,1,137.616861,1.411906,3772.102425
nine,1,1,1,135.722861,1.48025,3505.5015
nine,1,1,1,134.632861,1.509539,3598.942779
nine,1,1,1,136.252861,1.459019,3523.050061
nine,1,2,1,139.850861,1.458158,3524.816504
