@relation training

@attribute class {zero,one,two,three,four,five,six,seven,eight,nine}
@attribute mor_0 numeric
@attribute mor_1 numeric
@attribute mor_2 numeric
@attribute mor_3 numeric
@attribute mor_4 numeric
@attribute mor_6 numeric

@data
zero,1,0,0,127.923861,1.327469,1560.581747
zero,1,0,0,123.268861,1.175559,1647.619186
zero,1,0,0,132.678861,1.326601,1617.683221
zero,1,0,0,134.936861,1.264624,1611.208565
zero,1,0,0,129.164861,1.263976,1537.423771
zero,1,0,0,131.066861,1.246369,1795.985887
zero,1,0,0,134.018861,1.345078,1871.813126
zero,1,0,0,136.822861,1.269062,1799.855201
zero,1,0,0,128.469861,1.304331,1668.804985
zero,1,0,0,131.322861,1.262507,1662.386954
zero,1,0,0,128.799861,1.213826,1650.613831
zero,1,0,0,135.176861,1.286184,1671.001033
zero,1,0,0,134.010861,1.270042,1758.968752
zero,1,0,0,130.578861,1.217083,1620.643384
zero,1,0,0,129.817861,1.296367,1791.835534
zero,1,0,0,127.129861,1.270321,1739.283124
zero,1,0,0,136.912861,1.412175,2092.472544
zero,1,0,0,127.460861,1.292413,1608.963832
zero,1,0,0,128.924861,1.201011,1605.448565
zero,1,0,0,127.650861,1.269962,1653.768568
zero,1,0,0,129.478861,1.270878,1695.055281
zero,1,0,0,130.958861,1.348961,1755.422128
zero,1,0,0,126.956861,1.275816,1608.740609
zero,1,0,0,128.304861,1.245116,1543.955581
zero,1,0,0,121.986861,1.303442,2022.701798
zero,1,0,0,132.976861,1.302848,1628.679826
zero,1,0,0,136.978861,1.30855,1963.711458
zero,1,0,0,127.146861,1.21953,1521.022814
zero,1,0,0,126.774861,1.342144,1730.012685
zero,1,0,0,129.891861,1.286668,1782.854228
zero,1,0,0,136.392861,1.386569,1885.099585
zero,1,0,0,126.724861,1.302745,1609.334822
zero,1,0,0,133.076861,1.263331,1767.44919
zero,1,0,0,121.656861,1.318004,1720.433994
zero,1,0,0,132.414861,1.31166,1836.507388
zero,1,0,0,132.406861,1.290279,1694.659385
zero,1,0,0,132.472861,1.327882,1731.645587
zero,1,0,0,134.506861,1.362977,1745.600125
zero,1,0,0,131.256861,1.26114,1719.125603
zero,1,0,0,139.542861,1.374661,1871.055934
zero,1,0,0,127.138861,1.1922,1613.15094
zero,1,0,0,133.306861,1.30766,1829.529741
zero,1,0,0,127.882861,1.327942,1631.551109
zero,1,0,0,128.858861,1.270186,1632.641545
zero,1,0,0,130.660861,1.359555,1859.826849
zero,1,0,0,131.934861,1.356304,1623.238035
zero,1,0,0,135.432861,1.26648,1795.471446
zero,1,0,0,130.322861,1.258018,1679.91193
zero,1,0,0,128.618861,1.225879,1517.039218
zero,1,0,0,136.648861,1.27366,1712.383206
zero,1,0,0,132.596861,1.316714,1694.231061
zero,1,0,0,128.684861,1.319394,1624.011556
zero,1,0,0,124.425861,1.276571,1701.558585
zero,1,0,0,136.598861,1.327176,1711.670697
zero,0,2,0,209.418861,2.027482,13099.455286
zero,1,0,0,130.156861,1.287706,1668.600995
zero,1,0,0,135.043861,1.387344,1924.81049
zero,1,0,0,132.538861,1.274197,1658.776947
zero,1,0,0,129.362861,1.217773,1597.345025
zero,1,0,0,123.887861,1.288205,1664.23941
zero,1,0,0,130.636861,1.216297,1601.070959
zero,1,0,0,126.882861,1.226248,1606.8253
zero,1,0,0,132.794861,1.300281,1549.259053
zero,1,0,0,128.800861,1.242598,1519.847054
zero,1,0,0,137.822861,1.2931,1945.003749
zero,1,0,0,130.578861,1.268686,1596.788072
zero,1,0,0,128.354861,1.200291,1496.383412
zero,1,0,0,131.620861,1.253776,1853.712744
zero,1,0,0,131.173861,1.319031,1568.978435
zero,1,0,0,133.588861,1.38345,1666.205493
zero,1,0,0,134.249861,1.285432,1949.581306
zero,1,0,0,131.487861,1.367231,1914.107054
zero,1,0,0,133.034861,1.250948,1718.367277
zero,1,0,0,132.612861,1.274169,1740.207854
zero,1,0,0,127.873861,1.230064,1640.155507
zero,1,0,0,132.628861,1.374434,1884.680458
zero,1,0,0,134.258861,1.277449,1655.186876
zero,1,0,0,124.384861,1.364778,1788.18042
zero,1,0,0,132.422861,1.236974,1655.205001
zero,1,0,0,122.300861,1.258939,1669.417735
zero,1,0,0,129.346861,1.210899,1635.044099
zero,1,0,0,130.156861,1.428109,1849.047453
zero,1,0,0,130.140861,1.293127,1601.576424
zero,1,0,0,134.266861,1.271035,1794.42567
zero,1,0,0,131.488861,1.241247,1614.934225
zero,1,0,0,130.958861,1.279225,1750.990786
zero,1,0,0,131.058861,1.310403,2027.211367
zero,1,0,0,135.862861,1.340864,1733.270959
zero,1,0,0,124.020861,1.221007,1454.976293
zero,1,0,0,129.850861,1.299141,1551.035202
zero,1,0,0,127.956861,1.289142,1586.722364
zero,1,0,0,132.596861,1.374103,1632.047281
zero,1,0,0,129.048861,1.339143,1605.035208
zero,1,0,0,134.324861,1.301996,1785.058233
zero,1,0,0,134.820861,1.367925,1872.544549
zero,1,0,0,131.802861,1.30883,1766.959705
zero,1,0,0,135.300861,1.306836,1690.068384
zero,1,0,0,130.519861,1.368366,1861.505678
zero,1,0,0,135.846861,1.366889,1640.186583
zero,1,0,0,141.072861,1.336216,2180.629149
zero,1,0,0,125.442861,1.298215,1591.472529
zero,1,0,0,131.536861,1.355819,1831.15225
zero,1,0,0,129.552861,1.320467,1764.701054
zero,0,2,0,218.300861,2.229401,9370.670736
zero,1,0,0,130.694861,1.343557,1685.056222
zero,1,0,0,128.916861,1.219017,1648.696015
zero,1,0,0,133.232861,1.369648,1747.263857
zero,1,0,0,127.766861,1.232623,1604.780162
zero,1,0,0,134.235861,1.360231,2267.902684
zero,1,0,0,131.620861,1.278052,1881.470567
zero,1,0,0,133.382861,1.272739,1567.084426
one,0,2,0,134.837861,1.260916,2511.185548
one,0,3,1,133.960861,1.314075,3187.257526
one,0,2,0,136.152861,1.49052,4092.140579
one,0,2,0,125.534861,1.449347,3027.626444
one,0,3,1,135.664861,1.303493,3242.31528
one,0,3,1,136.293861,1.316427,2755.237171
one,0,2,0,138.534861,1.29265,3228.25438
one,0,2,0,128.024861,1.433186,3643.662587
one,0,2,0,133.928861,1.257261,3290.017059
one,0,3,1,135.689861,1.332648,3541.002374
one,0,2,0,132.472861,1.384071,3238.837287
one,0,2,0,129.263861,1.261157,2454.235533
one,0,3,1,144.026861,1.495583,5471.78575
one,0,3,1,137.599861,1.368942,4152.130618
one,0,2,0,138.626861,1.591197,4811.324296
one,0,3,1,143.828861,1.459323,5085.762724
one,0,2,0,126.740861,1.237281,2610.744883
one,0,2,0,131.397861,1.243176,2260.193519
one,0,2,0,146.598861,1.48455,5011.066342
one,0,3,1,152.246861,1.536802,5779.456775
one,0,2,0,134.606861,1.316439,2984.782311
one,0,3,1,146.382861,1.381846,2991.356255
one,0,3,1,135.507861,1.441723,4255.362811
one,0,3,1,144.976861,1.384161,4001.242925
one,0,3,1,146.589861,1.411742,4624.49115
one,0,2,0,137.616861,1.339452,2890.290471
one,0,2,0,128.122861,1.384995,3126.28153
one,0,2,0,152.470861,1.531241,4676.592355
one,0,3,1,141.942861,1.428227,4125.995303
one,0,2,0,143.628861,1.423621,3550.768024
one,1,2,2,124.004861,1.381671,2819.710042
one,0,2,0,137.600861,1.497378,3810.383253
one,0,2,0,133.315861,1.264884,2606.864951
one,0,2,0,132.406861,1.281139,2728.172825
one,0,3,1,143.165861,1.386056,4104.3202
one,0,3,1,133.720861,1.332009,3389.70723
one,0,2,0,137.682861,1.496046,4395.574149
one,0,2,0,136.194861,1.452134,3334.110374
one,0,3,1,136.665861,1.334972,3090.644878
one,0,2,0,135.978861,1.217897,2378.94171
one,0,3,1,140.312861,1.488617,5247.761414
one,0,3,1,128.776861,1.338133,3486.892962
one,0,2,0,134.126861,1.293981,2989.56261
one,0,2,0,133.381861,1.290572,2397.648513
one,0,2,0,137.170861,1.291275,3030.359717
one,0,2,0,143.876861,1.557583,4703.269154
one,0,2,0,141.710861,1.454872,4056.328943
one,0,2,0,136.806861,1.444288,3560.92153
one,0,2,0,133.795861,1.322084,2805.48196
one,0,2,0,142.388861,1.403554,3740.200314
one,0,2,0,130.347861,1.236025,2389.435743
one,0,2,0,139.056861,1.361597,3739.706292
one,0,3,1,141.610861,1.358262,4615.541733
one,0,3,1,135.060861,1.303754,3247.020748
one,0,2,0,129.058861,1.391034,2890.509108
one,0,2,0,137.608861,1.351495,3213.777684
one,0,3,1,153.908861,1.355455,4170.923374
one,0,2,0,137.542861,1.277814,2668.63761
one,0,2,0,139.261861,1.241062,2250.276695
one,0,2,0,138.906861,1.407563,3432.480671
one,0,2,0,141.024861,1.317326,2880.77026
one,0,2,0,144.448861,1.353771,3793.768256
one,0,3,1,136.583861,1.351292,3403.983588
one,0,2,0,146.696861,1.416077,4380.491688
one,0,2,0,130.040861,1.292936,2827.824295
one,0,3,1,127.469861,1.446466,3753.589891
one,0,2,0,130.067861,1.472378,3410.535772
one,0,2,0,126.560861,1.428086,3068.573095
one,0,3,1,137.228861,1.427897,4220.563768
one,0,3,1,156.034861,1.526002,5673.81668
one,0,2,0,130.512861,1.321653,2872.47141
one,0,3,1,136.318861,1.432133,3775.714556
one,0,2,0,130.139861,1.168549,1942.058817
one,0,3,1,142.826861,1.444492,3980.193473
one,0,2,0,142.711861,1.341198,3359.635559
one,0,2,0,131.290861,1.252061,2972.996929
one,0,3,1,142.496861,1.60662,5119.361368
one,0,3,1,143.034861,1.351755,4163.442773
one,0,2,0,136.499861,1.291446,2286.769421
one,0,3,1,150.354861,1.765731,6730.247605
one,0,2,0,135.474861,1.30016,3061.816664
one,0,3,1,131.744861,1.312326,3355.984762
one,0,2,0,133.862861,1.285434,2644.125501
one,0,2,0,141.528861,1.421352,4289.40047
one,0,3,1,147.640861,1.684927,6336.329658
one,0,2,0,127.278861,1.247775,2630.604228
one,0,3,1,136.574861,1.35959,3654.52119
one,0,2,0,129.288861,1.257645,2621.69057
one,0,2,0,134.350861,1.28271,3345.685383
one,0,2,0,137.616861,1.328427,3366.231379
one,0,3,1,135.136861,1.42566,4134.958396
one,0,2,0,160.790861,1.728012,6309.708086
one,0,2,0,136.872861,1.3386,3119.817292
one,0,2,0,145.646861,1.403479,4165.472661
one,0,3,1,146.556861,1.532271,5572.131455
one,0,2,0,128.818861,1.478618,3001.151678
two,0,2,0,189.678861,1.988588,10490.343668
two,0,2,0,193.068861,1.976908,10611.242549
two,0,2,0,184.542861,1.926774,10506.459905
two,0,2,0,188.256861,1.998681,9546.505101
two,0,2,0,200.612861,2.192889,12560.345177
two,0,2,0,207.822861,2.172815,12274.344057
two,0,2,0,188.860861,2.091292,10516.40694
two,0,2,0,203.854861,2.17821,12826.225572
two,0,2,0,198.568861,2.224649,11660.197663
two,0,2,0,187.114861,1.92869,9843.096845
two,0,2,0,164.496861,1.755149,9084.261466
two,0,2,0,200.850861,2.009487,11787.397273
two,0,3,1,177.041861,1.741948,6955.245778
two,0,2,0,175.080861,1.852247,8488.775971
two,0,2,0,186.048861,2.018593,11075.259967
two,0,2,0,162.865861,1.699286,7045.790825
two,0,2,0,194.690861,2.005442,10439.851479
two,0,2,0,187.776861,1.967289,10303.50152
two,0,2,0,189.504861,2.145209,10719.733324
two,0,2,0,205.118861,2.026851,11509.95509
two,0,2,0,178.166861,2.060457,10367.975021
two,0,2,0,201.330861,2.284605,11864.604927
two,0,2,0,202.926861,2.335056,11790.590911
two,0,2,0,204.698861,2.079617,12819.327662
two,0,3,1,204.696861,2.012826,11580.750505
two,0,2,0,204.366861,2.113582,11473.956852
two,0,3,1,178.248861,1.713643,8632.919926
two,0,2,0,191.530861,1.887956,10609.477747
two,0,2,0,175.800861,1.900389,8519.378288
two,0,2,0,189.098861,1.982507,10099.495776
two,0,2,0,199.660861,1.938728,12370.7252
two,0,2,0,191.150861,1.978231,11158.094989
two,0,2,0,187.014861,1.952584,10192.868764
two,0,2,0,184.320861,2.066654,10969.361836
two,0,2,0,183.806861,1.940473,10132.94264
two,0,2,0,188.312861,2.106427,11225.111355
two,0,2,0,187.750861,2.058486,10846.700491
two,0,2,0,163.709861,1.6462,6395.847904
two,0,2,0,177.420861,1.919311,9347.623625
two,0,2,0,183.450861,1.924623,9915.45606
two,0,3,1,189.372861,2.15942,10842.553855
two,0,2,0,195.880861,2.039572,10007.79328
two,0,3,1,190.000861,2.034562,10087.465598
two,0,2,0,194.706861,2.025968,11045.379389
two,0,2,0,191.968861,2.090569,11575.880161
two,0,2,0,186.130861,1.939374,10791.496462
two,0,3,1,187.254861,1.922448,9495.981358
two,0,2,0,200.058861,1.997797,11920.934127
two,0,2,0,191.250861,2.098446,10695.619299
two,0,2,0,204.474861,2.202282,13686.018707
two,0,2,0,189.818861,2.01956,9573.069189
two,0,2,0,161.766861,1.728495,7201.995751
two,0,2,0,192.870861,2.181557,11221.656933
two,0,2,0,204.515861,2.113703,11909.113687
two,0,2,0,194.152861,1.962321,11270.596774
two,0,2,0,185.320861,1.941558,11312.415865
two,0,2,0,166.214861,1.922235,7927.742891
two,0,2,0,203.166861,1.958895,11654.644098
two,0,2,0,190.564861,2.123288,11295.040352
two,0,2,0,212.356861,2.405833,13238.901705
two,0,2,0,184.724861,1.746729,9651.529756
two,0,2,0,198.716861,2.273411,11386.310532
two,0,2,0,180.192861,1.81541,9298.405847
two,0,2,0,190.190861,2.072752,11045.908342
two,0,2,0,181.648861,2.107822,9578.79959
two,0,2,0,205.002861,2.088129,12375.060858
two,0,2,0,206.318861,2.225389,12793.897095
two,1,1,1,153.478861,1.588361,5167.201292
two,0,2,0,162.179861,1.838852,8592.084147
two,0,2,0,194.566861,2.171268,12202.529749
two,0,2,0,184.426861,2.032818,9667.240189
two,0,2,0,172.072861,2.062303,9499.490563
two,0,2,0,193.052861,2.0823,10795.736538
two,0,3,1,184.492861,2.024295,9561.246416
two,0,3,1,152.494861,1.713878,5908.136094
two,0,2,0,171.764861,1.807028,7563.383152
two,0,2,0,180.324861,1.898403,9638.135226
two,0,2,0,189.372861,1.886365,10142.291887
two,0,2,0,188.926861,1.998729,10406.002131
two,0,2,0,181.392861,2.008597,9965.915743
two,0,2,0,206.400861,2.049603,12174.213562
two,0,2,0,182.714861,1.994255,10369.663556
two,0,2,0,171.400861,2.004225,8726.454015
two,0,2,0,177.470861,1.904509,8874.523511
two,0,2,0,178.214861,1.865824,9884.033255
three,0,2,0,176.454861,1.78574,10076.938677
three,0,3,1,188.834861,1.946419,10856.932099
three,0,3,1,180.158861,1.943223,9071.040054
three,0,3,1,184.012861,1.997981,10937.027875
three,0,3,1,172.476861,1.933856,10063.712728
three,0,3,1,198.998861,2.148005,12700.228357
three,0,2,0,166.322861,1.918653,8118.65868
three,0,3,1,153.422861,1.630011,5676.856667
three,0,4,2,172.468861,1.924666,10098.776836
three,0,3,1,200.412861,2.247081,13358.621877
three,0,3,1,178.868861,1.848637,8202.668226
three,0,3,1,202.397861,2.199232,14817.290386
three,0,4,2,180.928861,1.742446,10463.681107
three,0,3,1,193.010861,1.910728,11054.802955
three,0,2,0,181.970861,1.986135,8527.398384
three,0,4,1,177.628861,2.045658,9595.303063
three,0,4,2,182.508861,1.965699,9698.376114
three,0,2,0,169.120861,1.784182,7032.551853
three,0,3,1,189.140861,1.978852,11244.678826
three,0,3,1,202.306861,2.109357,13632.604537
three,0,4,2,184.624861,1.751698,9678.079131
three,0,4,2,184.452861,2.084666,10399.715663
three,0,2,0,182.152861,1.94912,10137.65591
three,0,4,2,203.142861,2.027324,13242.815125
three,0,3,1,191.522861,2.133962,10939.174941
three,0,3,1,153.248861,1.790433,6610.251123
three,0,3,1,179.084861,1.799662,9240.950925
three,0,3,1,203.588861,1.905927,13138.417138
three,0,3,1,174.792861,2.003007,10477.241338
three,0,2,0,148.988861,1.720132,6202.221602
three,0,3,1,209.062861,2.29042,12900.695228
three,0,3,1,185.874861,1.894529,10458.028473
three,0,2,0,170.614861,1.958364,8276.339409
three,0,2,0,189.454861,1.972663,10830.31208
three,0,3,1,190.744861,2.042529,10965.806855
three,0,4,2,175.478861,1.82714,9665.159322
three,0,3,1,192.208861,1.940184,11319.729496
three,0,3,1,210.138861,2.164566,12664.493272
three,0,2,0,169.589861,1.773084,7537.661656
three,0,3,1,156.019861,1.941303,8434.741032
three,0,3,1,178.456861,1.874825,9784.332319
three,0,4,2,202.670861,2.005123,11249.856365
three,0,4,2,175.436861,1.973289,8248.421383
three,0,2,0,162.940861,1.593542,6285.724599
three,0,3,1,186.188861,2.071301,10971.967731
three,0,3,1,185.650861,1.993735,10466.95006
three,0,3,1,166.108861,1.871346,6979.793082
three,0,3,1,184.236861,1.852611,9926.684989
three,0,4,2,193.846861,1.974496,10159.923818
three,0,3,0,143.142861,1.546225,5338.505378
three,0,3,1,163.081861,1.730179,6343.282297
three,0,4,2,177.992861,1.857116,9242.456934
three,0,3,1,206.094861,2.184971,13448.248867
three,0,2,0,151.386861,1.631691,5850.605589
three,0,3,1,182.516861,1.897838,11437.436131
three,0,4,2,170.714861,1.934063,9992.607526
three,0,3,1,180.828861,1.860175,9153.844662
three,0,2,0,154.082861,1.794033,6626.833373
three,0,4,2,183.294861,2.005093,10691.516287
three,0,2,0,181.804861,1.928816,9139.958631
three,0,4,2,163.974861,1.744595,7053.135525
three,0,2,0,172.434861,1.950406,8179.285889
three,0,3,1,174.056861,1.857153,8846.744263
three,0,3,1,164.918861,1.726621,8540.315839
three,0,4,2,197.964861,2.057072,12499.417484
three,0,2,0,159.888861,1.682088,7059.039253
three,0,2,0,176.040861,1.770195,7356.225933
three,0,2,0,155.886861,1.752001,6437.857934
three,0,4,2,169.598861,1.727509,8910.369551
three,0,3,1,178.224861,1.940895,9466.056547
three,0,3,1,176.380861,2.03809,9590.974495
three,0,2,0,172.748861,1.77001,8960.334458
three,0,4,2,174.452861,1.775794,8610.957772
three,0,3,1,159.798861,1.786072,7304.182941
three,0,3,1,160.766861,1.798304,8207.871306
three,0,2,0,152.636861,1.757838,6438.94189
three,0,3,1,174.304861,1.92419,9046.521241
three,0,3,1,188.256861,2.050145,10306.117309
three,0,2,0,167.605861,1.941587,8221.398903
three,0,4,2,185.990861,1.967668,9959.278394
three,0,2,0,165.462861,1.608568,7739.406955
three,0,3,1,208.394861,2.143745,13418.205456
three,0,3,1,190.208861,1.991395,11393.367271
three,0,3,1,174.304861,1.717108,9232.873642
three,0,3,1,155.166861,1.767925,7200.174744
three,0,3,1,209.576861,2.136112,15203.105245
three,0,4,2,211.362861,2.202276,15845.420424
three,0,3,1,172.550861,1.846375,9906.514028
three,0,4,2,188.718861,1.974437,10852.680114
three,0,4,2,171.202861,1.965113,9201.726772
three,0,2,0,161.716861,1.595048,6200.322665
three,0,3,1,172.378861,1.911732,8420.247278
three,0,4,2,184.028861,1.764095,9560.24594
three,0,3,1,183.648861,1.989612,9150.224116
four,0,2,0,155.192861,1.748369,6225.599895
four,0,3,1,168.894861,1.901217,9983.232343
four,0,2,0,144.084861,1.659349,5879.521342
four,0,3,1,157.176861,1.759531,7474.798022
four,0,3,1,152.866861,1.795232,6631.015593
four,0,2,0,146.268861,1.594078,5163.62161
four,0,3,1,163.064861,1.737387,8403.623968
four,0,3,1,154.976861,1.824761,6841.245828
four,0,3,1,140.312861,1.522366,5668.756007
four,0,2,0,157.746861,1.719168,7312.454561
four,0,3,1,147.888861,1.602196,6286.78863
four,0,2,0,149.120861,1.633717,5774.548736
four,0,2,0,157.250861,1.660118,6977.897734
four,0,3,1,131.878861,1.484535,3621.131953
four,0,3,1,138.096861,1.530352,5602.350191
four,0,3,1,153.330861,1.724643,7442.692123
four,0,2,0,161.186861,1.724774,6760.364608
four,0,3,1,164.122861,1.725432,8533.381085
four,0,3,1,162.494861,1.726395,8058.97658
four,0,3,1,164.288861,1.734419,8314.07354
four,0,2,0,153.958861,1.687993,6349.397568
four,0,3,1,175.427861,1.94856,9886.84838
four,0,4,2,160.162861,1.792958,8453.772177
four,0,4,2,161.816861,1.77281,8095.260668
four,0,3,1,152.420861,1.620515,6407.950926
four,0,3,1,158.128861,1.809066,7696.023576
four,0,3,1,157.548861,1.683426,6946.219021
four,0,2,0,152.958861,1.754252,7027.38511
four,0,3,1,158.912861,1.740994,7359.527506
four,0,3,1,174.278861,1.984064,9116.313954
four,0,3,1,179.240861,1.959273,10298.700771
four,0,6,2,118.124861,1.577862,4756.590846
four,0,3,1,162.370861,1.774868,8280.354469
four,0,3,1,148.690861,1.709547,6028.281501
four,0,3,1,154.786861,1.77229,6892.643238
four,0,3,1,155.430861,1.640904,7442.470438
four,0,2,0,164.404861,1.801163,7544.119891
four,0,3,1,164.238861,1.825694,8714.931681
four,0,3,1,168.456861,1.797402,8899.883121
four,0,3,1,153.056861,1.626123,6476.269171
four,0,2,0,153.280861,1.706536,7560.467361
four,0,2,0,136.392861,1.368039,3387.761631
four,0,3,1,146.350861,1.692512,7045.285705
four,0,3,1,173.592861,1.836505,8935.831165
four,0,4,2,154.438861,1.769764,8250.638915
four,0,2,0,151.899861,1.711271,5926.192985
four,0,3,1,160.600861,1.85731,7466.42023
four,0,4,1,157.672861,1.766475,6775.265889
four,0,3,1,157.176861,1.709134,5932.052902
four,0,3,1,157.166861,1.770607,6909.184114
four,0,2,0,146.400861,1.58842,5818.681688
four,0,2,0,156.994861,1.713532,6757.236552
four,0,2,0,153.768861,1.541349,6642.731584
four,0,2,0,155.786861,1.652784,6634.185623
four,0,3,1,162.162861,1.703644,8031.623245
four,0,3,1,162.724861,1.827403,9359.882447
four,0,3,1,154.702861,1.684737,7370.121208
four,0,4,2,168.126861,1.883595,9468.033592
four,0,2,0,148.078861,1.622301,6558.876744
four,0,2,0,157.226861,1.816765,7665.670985
four,0,3,1,164.288861,1.822011,7826.249356
four,0,3,1,154.934861,1.688522,7329.973134
four,0,3,1,162.684861,1.812647,8306.160447
four,0,3,1,161.204861,1.798965,6392.075713
four,0,2,0,158.416861,1.747461,7458.459002
four,0,3,1,143.604861,1.574473,5483.127442
four,0,3,1,179.804861,1.878593,9914.706216
four,0,3,1,153.950861,1.768555,7029.150846
four,0,2,0,162.626861,1.722917,7025.180583
four,0,2,0,168.770861,1.781736,8563.050545
four,0,4,2,154.356861,1.745926,7682.991676
four,0,4,2,155.372861,1.695829,7497.890571
four,0,4,2,155.628861,1.7983,7490.574784
four,0,3,0,147.060861,1.407286,4731.513333
four,0,3,1,155.952861,1.648726,7043.909731
four,0,3,1,151.196861,1.675523,6378.675113
four,0,2,0,176.412861,1.895901,8599.266653
four,0,4,1,154.992861,1.773189,7537.863465
four,0,3,1,155.952861,1.78859,7817.275996
four,0,2,0,144.902861,1.553885,5890.613832
four,0,3,1,162.162861,1.838659,9115.767824
four,0,4,2,160.054861,1.868347,9065.882403
four,0,4,2,156.018861,1.670677,7963.756281
four,0,2,0,155.720861,1.75292,6811.658079
four,0,2,0,155.704861,1.737588,6036.654281
four,0,3,1,156.902861,1.753704,7847.201448
four,0,4,2,155.960861,1.772639,7675.373955
four,0,3,1,161.732861,1.750888,8265.003574
four,0,3,1,167.612861,1.870475,9006.576856
four,0,3,1,152.808861,1.707945,6332.259288
four,0,3,1,164.892861,1.80924,7835.670501
four,0,3,1,155.934861,1.680711,7086.939401
four,0,2,0,153.528861,1.688388,5951.875847
four,0,3,1,167.438861,1.83302,7691.583587
four,0,3,1,141.148861,1.567807,6003.005261
four,0,3,1,156.778861,1.69228,7357.324082
four,0,2,0,160.724861,1.809249,6880.07859
four,0,3,1,152.246861,1.737492,7674.506116
four,0,2,0,150.906861,1.735025,6092.586056
four,0,3,1,163.684861,1.75403,7703.2111
four,0,3,1,167.612861,1.961618,8222.614156
four,0,3,1,154.150861,1.807181,7312.855404
four,0,3,1,157.664861,1.698118,7705.120997
four,0,3,1,157.052861,1.711605,6720.015256
four,0,3,1,158.102861,1.782574,6902.26457
four,0,3,1,170.250861,1.820454,9238.215049
four,0,3,1,150.088861,1.722761,6256.096894
five,0,2,0,191.902861,2.238198,11197.459489
five,0,2,0,157.474861,1.854173,8127.989723
five,0,2,0,152.505861,1.667034,6263.505386
five,0,3,1,187.768861,1.959115,11744.776432
five,0,3,1,196.194861,2.066917,12622.763461
five,0,2,0,197.212861,2.104223,12509.460196
five,0,3,1,222.618861,2.251476,14513.159302
five,0,3,1,186.038861,1.809676,10115.298724
five,0,3,1,200.652861,1.981506,13896.459506
five,0,3,1,206.020861,2.297292,13819.734466
five,0,2,0,178.810861,2.050743,9694.059784
five,0,3,1,198.600861,2.011154,13512.77788
five,0,3,1,196.401861,2.019032,12940.920329
five,0,3,1,200.628861,2.00853,13305.85371
five,0,2,0,179.448861,1.857126,11172.939007
five,0,2,0,213.396861,2.177892,14333.800857
five,0,2,0,192.556861,1.921678,11324.820932
five,0,2,0,177.330861,1.838923,9223.048676
five,0,3,1,192.084861,2.133577,11188.267438
five,0,3,1,205.332861,2.136534,14118.850411
five,0,2,0,179.488861,1.773592,10886.358367
five,0,3,1,206.954861,2.066661,13778.037704
five,0,3,1,212.204861,2.182938,15406.875378
five,0,2,0,170.019861,1.685203,8105.99096
five,0,3,1,201.736861,2.123822,13774.170852
five,0,2,0,191.928861,2.006641,12731.331079
five,0,3,1,198.022861,1.94014,12364.965945
five,0,2,0,180.142861,1.685506,10686.689399
five,0,3,1,208.384861,2.052836,14716.931085
five,0,2,0,204.034861,1.980027,13630.70529
five,0,2,0,188.132861,1.960233,12290.775144
five,0,2,0,190.354861,1.990185,10787.275536
five,0,2,0,178.926861,2.074482,9820.566203
five,0,2,0,188.114861,1.833142,11088.037139
five,0,2,0,173.790861,2.001458,9241.17846
five,0,2,0,177.718861,1.824547,9479.155257
five,0,3,1,195.954861,2.076003,12586.802822
five,0,2,0,195.020861,1.940207,12147.484135
five,0,2,0,186.808861,1.945112,12189.995166
five,0,3,1,215.314861,2.161004,15196.92999
five,0,3,1,191.159861,1.98636,12188.133665
five,0,3,1,183.814861,1.831001,11323.383923
five,0,3,1,218.962861,2.305172,16695.467792
five,0,3,1,187.668861,2.00959,10700.893916
five,0,3,1,183.830861,1.85919,10150.083813
five,0,2,0,191.174861,2.068099,11354.159906
five,0,2,0,181.084861,1.846913,9637.593888
five,0,2,0,190.430861,1.852398,11344.820384
five,0,3,1,199.966861,2.039494,13436.646565
five,0,2,0,186.278861,1.763405,10085.426426
five,0,2,0,181.142861,1.956699,10845.718373
five,0,3,1,205.440861,2.000787,14158.119163
five,0,2,0,197.508861,2.02104,12127.813835
five,0,3,1,214.355861,2.082652,15228.181591
five,0,3,1,179.430861,1.921377,11732.825088
five,0,3,1,203.348861,2.009361,13495.202528
five,0,3,1,192.232861,1.958056,12567.194357
five,0,3,1,195.979861,2.276043,12642.133381
five,0,3,1,179.636861,1.817942,10675.409512
five,0,2,0,194.508861,1.999572,11990.3379
five,0,3,1,173.682861,1.663958,8841.968616
five,0,3,1,211.047861,2.188569,15227.636589
five,0,2,0,197.062861,1.878226,11408.922963
five,0,2,0,194.822861,1.932238,11839.829899
five,0,2,0,188.785861,1.836397,12341.959659
five,0,2,0,205.324861,2.06861,12950.392482
five,0,3,1,192.108861,1.949183,11871.42647
five,0,3,1,201.032861,2.117886,12879.367967
five,0,3,1,217.622861,2.084923,15740.519374
five,0,3,1,209.550861,2.248772,14877.190036
five,0,3,1,208.069861,2.102982,14814.883338
five,0,2,0,193.268861,2.019264,13516.477816
five,0,3,1,189.934861,1.856424,11787.076547
five,0,3,1,195.466861,1.945855,12046.504968
five,0,3,1,209.112861,2.031711,14793.934887
five,0,2,0,186.188861,2.119652,11926.498601
five,0,3,1,191.142861,2.039457,13029.405324
five,0,2,0,166.490861,1.633175,6421.121349
five,0,3,1,201.082861,2.078222,13518.536656
five,0,2,0,201.612861,2.018381,13667.143426
five,0,2,0,190.669861,1.831992,10589.774726
five,0,2,0,199.998861,1.970224,11900.516244
five,0,2,0,210.808861,2.192023,13242.937697
five,0,2,0,187.378861,2.087789,10873.179026
five,0,3,1,215.232861,2.107486,14951.708556
five,0,3,1,196.756861,1.968527,11902.356448
five,0,2,0,186.468861,2.014231,10513.021716
five,0,3,1,211.800861,2.098033,13733.636847
five,0,3,1,210.518861,2.076392,15091.805526
five,0,2,0,209.798861,2.055516,13672.51993
five,0,3,1,190.074861,1.938604,11141.537354
six,1,1,1,131.348861,1.492901,3110.505475
six,1,1,1,130.214861,1.317787,2707.995327
six,1,1,1,134.210861,1.3063,3064.863624
six,1,1,1,138.774861,1.481761,3734.586274
six,1,1,1,138.700861,1.477798,3694.513743
six,1,1,1,138.650861,1.451608,3776.501007
six,1,2,1,139.850861,1.458158,3524.816504
six,1,1,1,137.220861,1.509045,3737.864996
six,1,1,1,154.222861,1.54201,4594.759907
six,1,1,1,135.838861,1.380937,3486.654776
six,1,1,1,138.558861,1.482644,3905.883497
six,1,1,1,138.724861,1.516395,3861.449762
six,1,1,1,162.286861,1.573958,5573.324353
six,1,1,1,169.530861,1.628884,6107.114766
six,1,1,1,162.790861,1.705517,5963.337205
six,1,1,1,142.041861,1.518822,4052.288104
six,1,1,1,144.564861,1.368521,4335.968751
six,1,1,1,133.382861,1.534821,3755.549532
six,1,1,1,157.680861,1.496903,5409.010126
six,1,1,1,136.294861,1.45424,3827.672983
six,1,1,1,152.528861,1.462137,4580.154276
six,1,1,1,138.261861,1.469979,3464.45338
six,1,1,1,141.528861,1.53556,3979.06929
six,1,1,1,145.482861,1.596269,4437.112998
six,1,1,1,131.894861,1.529192,3291.400747
six,0,2,0,138.732861,1.397708,3486.447016
six,1,1,1,146.002861,1.667599,4613.043155
six,1,1,1,133.920861,1.564621,3808.021317
six,1,1,1,162.552861,1.710115,5769.388313
six,1,1,1,137.046861,1.442786,3381.939491
six,1,1,1,144.804861,1.536273,4127.367857
six,1,2,2,159.598861,1.608955,5502.827209
six,1,1,1,133.564861,1.429206,3456.270609
six,1,1,1,129.826861,1.352719,2943.229821
six,1,1,1,135.732861,1.339581,3411.370174
six,1,1,1,131.960861,1.498641,3091.3223
six,1,1,1,131.000861,1.502421,3353.847736
six,1,1,1,138.360861,1.353152,3787.671292
six,1,1,1,131.556861,1.430543,3499.257465
six,1,1,1,134.970861,1.428913,3370.497447
six,1,1,1,140.403861,1.630603,3943.380566
six,1,1,1,144.994861,1.582557,4458.557371
six,1,1,1,150.874861,1.702441,4716.158306
six,1,1,1,140.264861,1.510713,4096.720409
six,1,1,1,133.862861,1.420187,3675.347469
six,1,1,1,126.510861,1.441427,3470.609932
six,1,1,1,136.648861,1.467495,3665.44948
six,1,1,1,127.080861,1.325012,2986.684377
six,1,1,1,140.072861,1.389232,3528.483327
six,1,1,1,133.216861,1.508025,3542.638111
six,1,1,1,155.670861,1.470347,5679.536968
six,1,1,1,135.524861,1.434779,3419.240362
six,1,1,1,130.702861,1.383729,3153.25485
six,1,1,1,138.782861,1.456001,3590.409352
six,1,1,1,140.328861,1.519173,3909.114125
six,1,1,1,147.193861,1.46439,3982.201795
six,1,1,1,134.920861,1.559018,3429.917439
six,1,1,1,137.344861,1.547297,4140.009071
six,1,1,1,150.428861,1.510733,4752.267346
six,1,1,1,133.820861,1.400076,3309.147418
six,1,1,1,133.812861,1.555376,3787.03556
six,1,1,1,143.332861,1.556284,4119.686803
six,1,1,1,137.012861,1.431504,3631.859403
six,1,1,1,135.044861,1.339365,3242.808674
six,1,1,1,159.516861,1.508366,5529.822439
six,1,1,1,141.462861,1.427947,3822.61863
six,0,3,1,182.069861,1.91811,9708.534719
six,1,1,1,155.008861,1.653914,5159.228493
six,1,1,1,135.574861,1.437334,4073.644988
six,1,1,1,138.906861,1.381086,3649.431492
six,1,1,1,130.380861,1.486734,3279.727211
six,1,1,1,134.598861,1.521221,3870.753021
six,1,1,1,139.270861,1.622955,3932.185128
six,1,1,1,128.180861,1.303085,2349.582604
six,1,1,1,139.452861,1.332184,3490.171798
six,1,1,1,147.582861,1.600061,4292.745345
six,1,1,1,143.026861,1.613885,4249.885793
six,1,1,1,140.214861,1.448171,3921.898227
six,1,1,1,139.214861,1.615425,4018.886646
six,1,1,1,131.298861,1.422464,3277.275536
six,1,1,1,136.988861,1.412959,3650.416823
six,1,1,1,131.596861,1.338682,3078.477817
six,1,1,1,141.982861,1.501036,3979.9499
six,1,1,1,133.780861,1.445097,3121.224259
six,1,1,1,136.096861,1.438809,3489.152834
six,1,1,1,139.386861,1.457308,3729.174202
six,1,1,1,131.886861,1.367668,3046.965225
six,1,1,1,147.854861,1.423925,3669.320722
six,1,1,1,161.500861,1.573794,5848.755866
six,1,1,1,133.200861,1.464837,3366.476376
six,1,1,1,135.648861,1.462062,3736.662912
six,1,1,1,141.661861,1.548499,4162.402067
six,1,1,1,137.930861,1.353019,3194.798349
six,1,1,1,141.164861,1.452154,3939.097143
six,1,1,1,136.294861,1.45424,3827.672983
six,1,1,1,157.680861,1.589619,5287.677612
six,1,1,1,144.142861,1.510147,4200.747655
six,1,1,1,129.628861,1.373326,2862.955699
six,1,1,1,151.742861,1.603092,5137.84819
six,1,1,1,138.460861,1.411262,3502.29951
seven,0,3,1,150.038861,1.743979,6081.528557
seven,0,2,0,148.756861,1.708887,5074.981024
seven,0,2,0,158.400861,1.675783,5618.883059
seven,0,2,0,167.802861,1.908784,6848.912428
seven,0,2,0,150.344861,1.676462,5191.939089
seven,0,2,0,152.370861,1.6447,5102.279936
seven,0,2,0,151.626861,1.667471,5034.63378
seven,0,2,0,165.818861,1.749347,7206.800154
seven,0,3,0,151.138861,1.776479,5758.678756
seven,0,2,0,158.242861,1.690841,6450.001211
seven,0,2,0,155.050861,1.709026,5522.524233
seven,0,2,0,151.692861,1.739733,5907.466223
seven,0,2,0,163.354861,1.956053,6661.612236
seven,0,2,0,147.284861,1.71781,5360.558664
seven,0,2,0,151.386861,1.733361,5417.69733
seven,0,3,1,151.386861,1.755183,5791.839752
seven,0,3,1,161.814861,1.791807,7290.581565
seven,0,2,0,171.788861,1.968583,7881.51558
seven,0,2,0,154.992861,1.728291,5654.590735
seven,0,2,0,151.684861,1.631335,5022.429939
seven,0,2,0,148.988861,1.727381,5284.601928
seven,0,2,0,139.510861,1.622985,4802.081171
seven,0,3,1,162.716861,1.743657,5910.438166
seven,0,2,0,184.722861,2.028354,8516.526479
seven,0,2,0,156.216861,1.80661,5682.88196
seven,0,2,0,159.168861,1.804712,6686.468148
seven,0,2,0,147.268861,1.62698,4890.223053
seven,0,2,0,148.996861,1.478654,4450.292723
seven,0,2,0,145.076861,1.561402,4603.182278
seven,0,2,0,136.212861,1.566084,3804.180776
seven,0,2,0,181.216861,1.969082,8213.626702
seven,0,2,0,145.704861,1.556871,4794.74799
seven,0,2,0,173.442861,1.874899,7663.136511
seven,0,2,0,145.928861,1.564888,4618.575608
seven,0,2,0,152.742861,1.693963,5537.45145
seven,0,2,0,150.534861,1.603885,5077.808816
seven,0,2,0,167.670861,1.790296,6451.14901
seven,0,2,0,179.256861,1.969827,8722.854512
seven,0,2,0,171.416861,1.804623,7635.354659
seven,0,2,0,168.282861,1.784096,6781.212295
seven,0,2,0,156.150861,1.815022,5879.715664
seven,0,2,0,168.646861,1.781675,6602.766567
seven,0,2,0,150.038861,1.666552,5114.151769
seven,0,2,0,159.012861,1.717652,5416.057025
seven,0,2,0,149.270861,1.600726,5011.899493
seven,0,2,0,159.540861,1.776231,7222.245272
seven,0,2,0,151.204861,1.634509,5107.93271
seven,0,2,0,149.352861,1.584524,4844.883902
seven,0,2,0,145.448861,1.654504,5280.832954
seven,0,2,0,153.834861,1.788102,5658.90103
seven,0,2,0,142.744861,1.590474,4396.193842
seven,0,2,0,146.730861,1.670446,5143.934668
seven,0,2,0,153.056861,1.799023,6496.403962
seven,0,2,0,156.414861,1.856303,5837.602998
seven,0,2,0,147.474861,1.665408,5107.881513
seven,0,3,1,153.834861,1.624055,5670.608973
seven,0,2,0,146.796861,1.680806,5290.632432
seven,0,3,1,163.560861,1.790566,6611.494089
seven,0,2,0,156.224861,1.724601,5599.429706
seven,0,2,0,154.314861,1.793681,6255.514276
seven,0,2,0,142.090861,1.63912,4859.757671
seven,0,3,1,148.872861,1.637185,5111.118269
seven,0,3,1,170.978861,1.846908,7395.695911
seven,0,2,0,151.700861,1.72422,5305.917686
seven,0,2,0,166.214861,1.749858,7366.939967
seven,0,2,0,148.028861,1.650637,5120.638273
seven,0,2,0,157.456861,1.785301,6707.976019
seven,0,3,1,173.674861,1.815793,7754.129402
seven,0,2,0,169.588861,1.803043,7834.897663
seven,0,2,0,158.036861,1.679032,6097.384825
seven,0,2,0,165.314861,1.872885,6989.193932
seven,0,2,0,164.692861,1.790863,7149.216992
seven,0,2,0,175.890861,1.964391,7440.402551
seven,0,2,0,167.918861,1.819197,7143.929038
seven,0,2,0,151.072861,1.711535,5379.308241
seven,0,2,0,144.538861,1.648178,4699.553636
seven,0,3,1,164.982861,1.9392,8268.120006
seven,0,2,0,184.598861,1.9221,7624.827763
seven,0,2,0,149.252861,1.618167,5040.41472
seven,0,2,0,154.016861,1.648052,5139.937308
seven,0,2,0,149.740861,1.66067,5272.361447
seven,0,2,0,164.288861,1.759233,7185.352359
seven,0,3,1,149.352861,1.746414,5238.074186
seven,0,2,0,148.880861,1.716013,5248.51333
seven,0,2,0,164.386861,1.865383,6616.864859
seven,0,2,0,165.056861,1.815163,7636.315451
seven,0,2,0,154.942861,1.703938,5473.071078
seven,0,3,1,149.352861,1.746414,5238.074186
seven,0,2,0,172.814861,1.838648,7520.915095
seven,0,2,0,164.320861,1.828026,7234.665223
seven,0,3,1,150.800861,1.613639,5583.441335
seven,0,2,0,153.842861,1.817754,5702.682759
seven,0,3,1,151.196861,1.767976,5503.03986
seven,0,2,0,157.158861,1.670889,5314.059776
seven,0,2,0,153.702861,1.754108,5498.001636
seven,0,2,0,153.876861,1.639492,5399.077699
seven,0,2,0,160.186861,1.689931,5803.083754
seven,0,3,1,177.644861,2.059619,8540.495366
seven,0,2,0,155.786861,1.652784,5409.070897
seven,0,2,0,154.786861,1.724647,5859.667364
eight,2,0,2,131.330861,1.350095,2183.603608
eight,2,0,2,126.038861,1.266591,1692.114899
eight,2,0,2,131.892861,1.280693,1846.363407
eight,2,0,2,136.019861,1.340774,2164.1778
eight,2,0,2,138.443861,1.417581,2797.936673
eight,2,0,2,129.296861,1.329185,1907.43411
eight,2,0,2,125.592861,1.280105,2104.69712
eight,2,0,2,142.478861,1.445625,2618.490293
eight,2,0,2,128.784861,1.201674,1649.756224
eight,2,0,2,126.063861,1.279903,1997.840212
eight,2,0,2,131.496861,1.311491,2063.889277
eight,2,0,2,132.438861,1.35431,1942.15511
eight,2,0,2,131.952861,1.259094,2395.103975
eight,2,0,2,133.125861,1.348984,2289.727102
eight,2,0,2,134.539861,1.24186,2050.496219
eight,2,0,2,131.372861,1.229189,1777.64522
eight,2,0,2,131.778861,1.272818,2035.183902
eight,2,0,2,125.956861,1.286337,1810.839013
eight,2,0,2,135.283861,1.406702,2188.462527
eight,2,0,2,125.534861,1.271243,1763.870384
eight,2,0,2,132.902861,1.341541,1871.073825
eight,2,0,2,128.924861,1.329784,1922.10832
eight,2,0,2,138.278861,1.363874,2915.485172
eight,2,0,2,126.642861,1.268642,2121.958963
eight,2,0,2,149.782861,1.438308,3298.129044
eight,2,0,2,136.954861,1.29357,2256.301916
eight,2,0,2,132.836861,1.277805,1836.407664
eight,2,0,2,132.009861,1.338539,2065.702851
eight,2,0,2,137.243861,1.352839,2252.597869
eight,2,0,2,139.816861,1.462808,2377.896613
eight,2,0,2,136.747861,1.363863,2222.478423
eight,2,0,2,138.095861,1.456876,2212.692582
eight,2,0,2,136.128861,1.324969,2154.672999
eight,2,0,2,139.013861,1.425297,2520.049956
eight,2,0,2,131.554861,1.327085,2967.872238
eight,2,0,2,141.064861,1.350685,2055.06725
eight,2,0,2,139.130861,1.339128,2498.09638
eight,2,0,2,135.862861,1.340864,2162.956277
eight,2,0,2,134.224861,1.402375,2234.114623
eight,2,0,2,129.404861,1.330296,2059.806534
eight,2,0,2,127.634861,1.256588,2098.88005
eight,2,0,2,132.026861,1.257644,2090.139034
eight,2,0,2,127.378861,1.27682,1909.905917
eight,2,0,2,134.861861,1.255633,2222.223344
eight,2,0,2,128.792861,1.350261,1961.917926
eight,2,0,2,132.199861,1.264347,2081.769746
eight,2,0,2,129.983861,1.340706,2249.368104
eight,2,0,2,130.892861,1.334125,1668.25292
eight,2,0,2,133.316861,1.380633,2400.049867
eight,2,0,2,132.736861,1.385879,1963.767182
eight,2,0,2,128.254861,1.328211,1889.027063
eight,2,0,2,130.966861,1.328822,1835.493177
eight,2,0,2,140.552861,1.313638,2327.407319
eight,2,0,2,120.126861,1.408302,2450.887635
eight,2,0,2,131.232861,1.274285,1785.374617
eight,2,0,2,125.392861,1.223389,1671.228645
eight,2,0,2,133.878861,1.263102,2044.167616
eight,2,0,2,123.938861,1.280927,1828.756603
eight,2,0,2,135.524861,1.258384,1997.329911
eight,1,1,1,134.324861,1.28541,2131.003237
eight,2,0,2,125.600861,1.225419,1749.440546
eight,2,0,2,132.422861,1.284319,1909.576262
eight,2,0,2,135.300861,1.256985,1848.147037
eight,2,0,2,126.858861,1.400423,2670.501968
eight,2,0,2,131.256861,1.256051,1709.866945
eight,2,0,2,135.590861,1.267958,2172.984231
eight,2,0,2,125.368861,1.263068,2031.281448
eight,2,0,2,128.676861,1.286587,1777.753184
eight,2,0,2,133.266861,1.293269,1878.885378
eight,2,0,2,129.594861,1.34572,1765.41119
eight,2,0,2,132.273861,1.291296,2050.732829
eight,2,0,2,123.937861,1.239982,1710.51752
eight,2,0,2,130.082861,1.231427,1876.733282
eight,2,0,2,140.304861,1.441392,2519.99986
eight,1,1,1,133.447861,1.221363,2124.816323
eight,2,0,2,130.198861,1.238115,1786.454317
eight,2,0,2,133.134861,1.313941,1880.996046
eight,2,0,2,137.632861,1.44095,2371.636337
eight,2,0,2,132.720861,1.266422,1747.685781
eight,2,0,2,134.424861,1.247495,2128.876791
eight,2,0,2,121.424861,1.238431,1917.771659
eight,2,0,2,126.980861,1.280943,1651.017993
eight,2,0,2,122.523861,1.209959,1654.651707
eight,2,0,2,128.338861,1.336304,2415.063802
eight,2,0,2,134.564861,1.263231,1841.434062
eight,2,0,2,135.516861,1.322164,1963.822806
eight,2,0,2,139.352861,1.329705,2039.979949
eight,2,0,2,131.752861,1.285441,1788.366626
eight,2,0,2,135.094861,1.351607,2031.048631
eight,2,0,2,137.318861,1.275733,1898.09921
eight,2,0,2,130.726861,1.236132,1855.233811
eight,2,0,2,125.831861,1.254208,1852.241551
eight,2,1,3,128.668861,1.269088,1728.209448
eight,1,1,1,131.795861,1.305529,2636.675607
eight,2,0,2,132.944861,1.300966,1951.218327
eight,2,0,2,136.020861,1.309194,1782.998221
eight,2,0,2,126.493861,1.276847,1847.042501
eight,2,0,2,135.532861,1.288838,1940.111926
eight,2,0,2,129.520861,1.207222,2127.84117
eight,2,0,2,139.336861,1.325765,2369.105419
eight,2,0,2,141.097861,1.384923,2532.448181
eight,2,0,2,138.634861,1.363225,2542.039593
eight,2,0,2,130.884861,1.362814,2055.450086
nine,1,1,1,132.960861,1.419682,3583.983013
nine,1,1,1,138.716861,1.39488,3507.900758
nine,1,1,1,156.952861,1.685543,5663.024169
nine,1,1,1,130.578861,1.441489,3346.083932
nine,1,1,1,143.332861,1.556284,4119.686803
nine,1,1,1,157.498861,1.655794,5326.025889
nine,1,1,1,134.688861,1.338318,3260.97243
nine,1,1,1,133.200861,1.464837,3366.476376
nine,1,1,1,138.724861,1.516395,3861.449762
nine,1,1,1,135.574861,1.437334,4073.644988
nine,1,1,1,145.662861,1.514625,3993.685699
nine,1,1,1,137.046861,1.442786,3381.939491
nine,1,1,1,150.592861,1.494493,5004.589369
nine,1,1,1,159.268861,1.583536,5357.082343
nine,1,2,2,159.598861,1.608955,5502.827209
nine,1,1,1,140.214861,1.389782,3632.041577
nine,1,1,1,157.770861,1.501162,5613.315099
nine,1,1,1,157.680861,1.589619,5287.677612
nine,1,1,1,135.772861,1.437404,3501.144668
nine,1,1,1,143.026861,1.613885,4249.885793
nine,1,1,1,138.650861,1.451608,3776.501007
nine,1,1,1,133.862861,1.420187,3675.347469
nine,1,1,1,154.884861,1.451577,4985.377018
nine,1,1,1,131.686861,1.473021,3127.842539
nine,1,1,1,134.672861,1.541987,3766.763222
nine,1,1,1,133.564861,1.349087,3301.989829
nine,1,1,1,140.264861,1.510713,4096.720409
nine,1,1,1,137.022861,1.346556,3593.774748
nine,1,1,1,138.088861,1.465022,3653.943895
nine,1,1,1,134.482861,1.302759,2915.846549
nine,1,1,1,141.486861,1.405865,3506.943928
nine,1,1,1,153.256861,1.667748,5103.719867
nine,1,1,1,133.812861,1.555376,3787.03556
nine,1,1,1,130.926861,1.237328,2435.214416
nine,0,2,0,177.752861,1.948869,9450.666318
nine,1,1,1,136.252861,1.459019,3523.050061
nine,1,1,1,145.482861,1.596269,4437.112998
nine,1,1,1,135.070861,1.437074,3605.527977
nine,1,1,1,134.432861,1.362228,3336.496211
nine,1,1,1,151.162861,1.542743,4900.632511
nine,1,1,1,133.622861,1.33688,3103.297143
nine,1,1,1,155.008861,1.653914,5159.228493
nine,1,1,1,138.558861,1.482644,3905.883497
nine,1,1,1,147.854861,1.423925,3669.320722
nine,1,1,1,137.930861,1.353019,3194.798349
nine,1,1,1,130.852861,1.430346,3260.08949
nine,1,1,1,134.928861,1.321973,3476.298443
nine,1,1,1,134.796861,1.340223,3433.305405
nine,1,1,1,130.042861,1.364308,2948.697092
nine,1,1,1,137.186861,1.450333,3740.476333
nine,1,1,1,133.812861,1.435998,3300.499158
nine,1,1,1,129.330861,1.291504,2478.487674
nine,1,1,1,127.080861,1.325012,2986.684377
nine,1,1,1,141.982861,1.501036,3979.9499
nine,1,1,1,133.820861,1.400076,3309.147418
nine,1,1,1,148.698861,1.583194,4722.321164
nine,1,1,1,159.358861,1.615849,5586.482263
nine,1,1,1,149.634861,1.542364,4258.511802
nine,1,1,1,131.910861,1.340135,2746.513927
nine,1,1,1,137.608861,1.432826,3886.525414
nine,1,1,1,166.546861,1.848482,6782.349521
nine,1,1,1,134.632861,1.509539,3598.942779
nine,1,1,1,136.938861,1.45077,3536.37416
nine,1,1,1,135.722861,1.48025,3505.5015
nine,1,1,1,141.528861,1.53556,3979.06929
nine,1,1,1,128.594861,1.283351,2595.600228
nine,1,1,1,135.168861,1.538819,3747.219262
nine,1,1,1,154.222861,1.54201,4594.759907
nine,1,1,1,171.516861,1.624576,6554.344946
nine,1,1,1,162.790861,1.705517,5963.337205
nine,1,1,1,140.512861,1.516704,3837.232096
nine,1,1,1,137.038861,1.378883,3360.468494
nine,1,1,1,128.230861,1.30956,2741.03901
nine,1,1,1,141.346861,1.401002,3372.372194
nine,1,1,1,137.758861,1.432438,3896.595359
nine,1,1,1,139.214861,1.615425,4018.886646
nine,1,1,1,138.816861,1.510611,3958.131954
nine,1,1,1,149.534861,1.514282,4363.931375
nine,1,1,1,133.688861,1.416339,3347.27832
nine,1,1,1,139.850861,1.535636,4077.83686
nine,1,1,1,145.862861,1.367023,4350.236175
nine,1,1,1,150.874861,1.702441,4716.158306
nine,1,1,1,130.702861,1.442858,3076.358131
nine,1,1,1,134.814861,1.395206,3344.928005
nine,1,1,1,134.144861,1.464134,3608.452753
nine,1,1,1,130.214861,1.317787,2707.995327
nine,1,1,1,123.236861,1.400701,2867.356515
nine,1,1,1,131.886861,1.367668,3046.965225
nine,1,1,1,148.450861,1.623929,4380.418535
nine,1,1,1,161.500861,1.573794,5848.755866
nine,1,1,1,142.016861,1.478723,4026.338356
nine,1,1,1,139.618861,1.385586,3607.862021
nine,1,1,1,134.970861,1.428913,3370.497447
nine,1,1,1,132.158861,1.51445,3409.961788
nine,1,1,1,141.256861,1.56658,4140.395264
nine,1,1,1,134.110861,1.387921,3158.131629
nine,1,1,1,135.996861,1.444872,3362.541425
nine,1,1,1,152.528861,1.462137,4580.154276
nine,1,1,1,161.202861,1.669421,5656.882778
nine,1,1,1,135.186861,1.35766,3049.169759
nine,1,1,1,133.564861,1.429206,3456.270609
nine,1,1,1,133.490861,1.473635,3724.809452
nine,1,1,1,134.780861,1.424896,3456.046833
nine,1,1,1,133.358861,1.370034,3378.034885
nine,1,1,1,139.096861,1.450297,3412.500862
nine,1,1,1,153.562861,1.645564,4823.132617
nine,1,2,2,149.890861,1.65977,4528.578862
nine,1,1,1,141.462861,1.427947,3822.61863
nine,1,1,1,148.128861,1.684989,4755.585078
nine,1,1,1,134.374861,1.414656,3335.647878
nine,1,1,1,128.354861,1.331942,2880.566016
nine,1,1,1,136.888861,1.410044,3564.512916
nine,1,1,1,146.350861,1.563774,4257.202425
