@relation training

@attribute class {zero,one,two,three,four,five,six,seven,eight,nine}
@attribute mor_0 numeric
@attribute mor_1 numeric
@attribute mor_2 numeric
@attribute mor_3 numeric
@attribute mor_4 numeric
@attribute mor_6 numeric

@data
zero,1,0,0,128.122861,1.238959,1508.249286
zero,1,0,0,125.186861,1.196588,1607.212267
zero,1,0,0,132.124861,1.391938,1653.62841
zero,1,0,0,127.129861,1.270321,1739.283124
zero,1,0,0,134.490861,1.295977,1728.132575
zero,1,0,0,123.342861,1.343222,1700.900026
zero,1,0,0,124.136861,1.263616,1560.034174
zero,1,0,0,131.322861,1.262507,1662.386954
zero,1,0,0,134.018861,1.345078,1871.813126
zero,1,0,0,128.916861,1.219017,1648.696015
zero,1,0,0,127.882861,1.327942,1631.551109
zero,1,0,0,134.324861,1.301996,1785.058233
zero,1,0,0,126.998861,1.26663,1542.462627
zero,1,0,0,123.268861,1.175559,1647.619186
zero,1,0,0,131.562861,1.263348,1544.092522
zero,1,0,0,135.978861,1.303489,1853.991544
zero,1,0,0,133.588861,1.38345,1666.205493
zero,1,0,0,123.236861,1.365678,2097.188584
zero,1,0,0,132.596861,1.374103,1632.047281
zero,1,0,0,130.089861,1.332919,1734.783871
zero,1,0,0,133.464861,1.247392,1628.799461
zero,1,0,0,122.904861,1.201994,1439.53494
zero,1,0,0,131.620861,1.253776,1853.712744
zero,1,0,0,124.384861,1.364778,1788.18042
zero,1,0,0,129.288861,1.255408,1590.042076
zero,1,0,0,130.519861,1.368366,1861.505678
zero,1,0,0,129.676861,1.273593,1830.097057
zero,1,0,0,127.262861,1.329637,1647.720235
zero,1,0,0,133.076861,1.263331,1767.44919
zero,1,0,0,127.138861,1.1922,1613.15094
zero,1,0,0,127.873861,1.230064,1640.155507
zero,1,0,0,128.800861,1.283,1566.947169
zero,1,0,0,133.282861,1.291134,1777.046545
zero,1,0,0,129.478861,1.270878,1695.055281
zero,1,0,0,128.799861,1.213826,1650.613831
zero,1,0,0,131.868861,1.299064,1677.247402
zero,1,0,0,132.538861,1.274197,1658.776947
zero,1,0,0,130.156861,1.428109,1849.047453
zero,1,0,0,128.973861,1.311147,1752.911256
zero,1,0,0,139.972861,1.313272,1997.273622
zero,1,0,0,128.667861,1.272193,1640.830426
zero,1,0,0,125.170861,1.180945,1541.397831
zero,1,0,0,127.758861,1.362188,1549.720967
zero,1,0,0,132.612861,1.274169,1740.207854
zero,1,0,0,133.034861,1.250948,1718.367277
zero,1,0,0,139.542861,1.374661,1871.055934
zero,1,0,0,130.512861,1.34887,1608.475743
zero,1,0,0,134.820861,1.276998,1897.196661
zero,1,0,0,132.215861,1.26305,1757.956207
zero,1,0,0,131.256861,1.236981,1638.090031
zero,1,0,0,129.346861,1.210899,1635.044099
zero,1,0,0,130.082861,1.297389,1680.512659
zero,1,0,0,136.110861,1.272122,1819.020085
zero,1,0,0,132.422861,1.236974,1655.205001
zero,1,0,0,136.640861,1.302338,1759.938914
zero,1,0,0,128.419861,1.334423,1634.099606
zero,1,0,0,123.945861,1.239283,1634.678494
zero,1,0,0,127.956861,1.289142,1586.722364
zero,1,0,0,126.939861,1.290469,1732.9834
zero,1,0,0,129.552861,1.320467,1764.701054
zero,1,0,0,128.304861,1.245116,1543.955581
zero,1,0,0,134.936861,1.264624,1611.208565
zero,1,0,0,129.891861,1.286668,1782.854228
zero,1,0,0,133.018861,1.294699,1813.312452
zero,1,0,0,130.694861,1.343557,1685.056222
zero,1,0,0,123.887861,1.288205,1664.23941
zero,1,0,0,125.136861,1.298548,1622.168475
zero,1,0,0,131.802861,1.30883,1766.959705
zero,1,0,0,131.620861,1.278052,1881.470567
zero,1,0,0,126.882861,1.226248,1606.8253
zero,1,0,0,132.472861,1.327882,1731.645587
zero,0,2,0,231.276861,2.38708,15215.964412
zero,1,0,0,130.958861,1.348961,1755.422128
zero,1,0,0,131.372861,1.358671,1638.356526
zero,1,0,0,130.156861,1.287706,1668.600995
zero,1,0,0,128.354861,1.200291,1496.383412
zero,1,0,0,130.322861,1.258018,1679.91193
zero,1,0,0,134.266861,1.271035,1794.42567
zero,1,0,0,144.016861,1.343802,2256.65348
zero,0,2,0,209.418861,2.027482,13099.455286
zero,1,0,0,136.822861,1.269062,1799.855201
zero,1,0,0,129.048861,1.339143,1605.035208
zero,1,0,0,129.164861,1.234612,1630.91695
zero,1,0,0,128.270861,1.23604,1795.013571
zero,1,0,0,135.043861,1.387344,1924.81049
zero,1,0,0,125.310861,1.283107,1573.404626
zero,1,0,0,136.598861,1.327176,1711.670697
zero,1,0,0,129.403861,1.310423,1731.031579
zero,1,0,0,131.488861,1.241247,1614.934225
zero,1,0,0,121.986861,1.303442,2022.701798
zero,1,0,0,128.800861,1.242598,1519.847054
zero,1,0,0,124.425861,1.276571,1701.558585
zero,1,0,0,132.628861,1.374434,1884.680458
zero,1,0,0,130.810861,1.248912,1627.671359
zero,1,0,0,132.414861,1.31166,1836.507388
zero,0,2,0,218.300861,2.229401,9370.670736
zero,1,0,0,141.072861,1.336216,2180.629149
zero,1,0,0,127.436861,1.193676,1628.764278
zero,1,0,0,122.448861,1.21294,1618.527005
zero,1,0,0,126.186861,1.208926,1580.812573
one,0,3,0,139.394861,1.379951,3790.135953
one,0,3,1,135.060861,1.303754,3247.020748
one,0,3,1,135.136861,1.42566,4134.958396
one,0,2,0,139.419861,1.361058,2385.083143
one,0,2,0,137.608861,1.351495,3213.777684
one,0,2,0,148.756861,1.675862,4918.628047
one,0,3,1,156.034861,1.526002,5673.81668
one,0,2,0,144.149861,1.287839,2574.880441
one,0,2,0,136.102861,1.339141,3045.174816
one,0,3,1,142.528861,1.408378,4734.158167
one,0,2,0,143.628861,1.423621,3550.768024
one,0,2,0,130.570861,1.248051,2838.268786
one,0,3,1,144.026861,1.495583,5471.78575
one,0,2,0,133.315861,1.264884,2606.864951
one,0,3,1,147.640861,1.684927,6336.329658
one,0,3,1,138.269861,1.344208,2626.221609
one,0,2,0,128.536861,1.547521,3634.413998
one,0,3,1,138.037861,1.286606,3489.973118
one,0,2,0,140.188861,1.363674,2842.992478
one,0,3,1,143.828861,1.459323,5085.762724
one,1,2,2,124.004861,1.381671,2819.710042
one,0,3,1,141.222861,1.404113,4416.103747
one,0,2,0,140.990861,1.221036,2197.882162
one,0,3,1,143.976861,1.524258,4804.798169
one,0,2,0,138.534861,1.29265,3228.25438
one,0,2,0,133.290861,1.325249,3081.266706
one,0,2,0,144.472861,1.351759,3132.833589
one,0,3,1,133.720861,1.332009,3389.70723
one,0,3,1,132.604861,1.266766,3294.542949
one,0,3,1,135.292861,1.349351,3449.626923
one,0,2,0,139.204861,1.430091,3566.38149
one,0,2,0,128.818861,1.478618,3001.151678
one,0,2,0,137.798861,1.401772,3648.335381
one,0,2,0,132.770861,1.286175,2900.261136
one,0,2,0,130.363861,1.282674,2429.448923
one,0,2,0,132.406861,1.281139,2728.172825
one,0,2,0,130.084861,1.576239,3396.473985
one,0,3,1,137.228861,1.427897,4220.563768
one,0,2,0,152.470861,1.531241,4676.592355
one,0,3,1,135.615861,1.346694,3253.932959
one,0,2,0,133.208861,1.288899,2416.307941
one,0,2,0,122.854861,1.437803,2607.936455
one,0,2,0,125.534861,1.449347,3027.626444
one,0,3,1,135.202861,1.353539,3880.477799
one,0,2,0,136.499861,1.291446,2286.769421
one,0,2,0,139.261861,1.241062,2250.276695
one,0,3,1,148.400861,1.456604,4637.840506
one,0,3,1,136.078861,1.475338,4657.636548
one,0,3,1,141.876861,1.491559,4718.591999
one,0,2,0,137.616861,1.339452,2890.290471
one,0,2,0,134.837861,1.260916,2511.185548
one,0,3,1,137.599861,1.368942,4152.130618
one,0,2,0,132.720861,1.28569,2755.062839
one,0,2,0,132.580861,1.334876,3552.805839
one,0,3,1,142.686861,1.517025,4909.856848
one,0,3,1,146.589861,1.411742,4624.49115
one,0,2,0,134.126861,1.293981,2989.56261
one,0,2,0,132.216861,1.293065,2762.74753
one,0,2,0,138.906861,1.407563,3432.480671
one,0,2,0,126.560861,1.428086,3068.573095
one,0,2,0,138.642861,1.407615,3198.815151
one,0,2,0,130.578861,1.233348,2197.130197
one,0,2,0,130.139861,1.168549,1942.058817
one,0,3,1,135.664861,1.303493,3242.31528
one,0,2,0,132.472861,1.384071,3238.837287
one,0,2,0,137.616861,1.328427,3366.231379
one,0,2,0,136.872861,1.3386,3119.817292
one,0,3,1,133.960861,1.314075,3187.257526
one,0,3,1,127.469861,1.446466,3753.589891
one,0,3,1,136.616861,1.404436,3771.59765
one,0,2,0,134.424861,1.374619,3432.422035
one,0,2,0,139.948861,1.353317,3198.097891
one,0,2,0,160.790861,1.728012,6309.708086
one,0,2,0,140.172861,1.409521,3187.611963
one,0,2,0,141.528861,1.421352,4289.40047
one,0,2,0,145.448861,1.353467,3350.713203
one,0,3,1,145.266861,1.460744,4527.256946
one,0,2,0,136.144861,1.462082,3576.912855
one,0,2,0,131.545861,1.280362,2864.290187
one,0,2,0,131.290861,1.252061,2972.996929
one,0,2,0,129.024861,1.410364,3052.154646
one,0,2,0,134.350861,1.28271,3345.685383
one,0,2,0,137.748861,1.278342,3213.045328
one,0,3,1,153.908861,1.355455,4170.923374
one,0,2,0,135.474861,1.30016,3061.816664
one,0,2,0,142.711861,1.341198,3359.635559
one,0,2,0,135.300861,1.29178,2295.147814
one,0,2,0,126.740861,1.237281,2610.744883
one,0,3,1,137.724861,1.495394,4753.669933
one,0,2,0,129.263861,1.261157,2454.235533
one,0,2,0,132.869861,1.272218,3383.751039
one,0,3,1,141.610861,1.358262,4615.541733
one,0,3,1,135.160861,1.295648,2982.128008
one,0,4,4,155.074861,1.512981,4419.579881
one,0,2,0,136.094861,1.288339,3050.003532
one,0,2,0,153.222861,1.603066,5853.127996
one,0,2,0,137.723861,1.281582,2761.859542
one,0,3,1,139.676861,1.547861,3766.469832
one,0,3,1,139.584861,1.314732,4147.567799
one,0,3,1,144.976861,1.384161,4001.242925
two,0,2,0,190.298861,1.985512,11316.466084
two,0,2,0,198.626861,2.104311,11288.750651
two,0,2,0,200.520861,2.031907,12182.097504
two,0,2,0,197.734861,2.16143,11864.419656
two,0,2,0,194.020861,2.055514,10945.464512
two,0,2,0,192.680861,1.984737,11143.196259
two,0,2,0,169.020861,1.98494,10014.861858
two,0,2,0,194.152861,1.962321,11270.596774
two,0,2,0,189.678861,1.988588,10490.343668
two,0,2,0,197.130861,1.967326,10926.199659
two,0,2,0,187.750861,2.058486,10846.700491
two,0,3,1,176.346861,1.904893,8661.646275
two,0,2,0,200.570861,2.102779,11487.182576
two,0,2,0,183.806861,1.940473,10132.94264
two,0,2,0,189.504861,2.145209,10719.733324
two,0,2,0,196.550861,1.954214,11507.50873
two,0,2,0,175.692861,1.965263,9308.355267
two,1,1,1,159.722861,1.657448,5540.35815
two,0,2,0,189.098861,1.982507,10099.495776
two,0,3,1,192.646861,2.01692,11262.432365
two,0,2,0,194.706861,2.025968,11045.379389
two,0,2,0,200.058861,1.997797,11920.934127
two,0,2,0,188.256861,1.998681,9546.505101
two,0,2,0,193.068861,1.957658,10291.735735
two,0,2,0,178.214861,1.865824,9884.033255
two,0,2,0,189.346861,2.169786,10841.254857
two,0,2,0,192.498861,1.990842,10969.884586
two,0,2,0,181.648861,2.107822,9578.79959
two,0,3,1,177.041861,1.741948,6955.245778
two,0,2,0,195.236861,2.127745,11077.545687
two,0,2,0,157.886861,1.756449,6514.907249
two,0,2,0,176.776861,1.878131,8604.726175
two,0,2,0,203.854861,2.17821,12826.225572
two,0,2,0,181.432861,1.920799,9503.117046
two,0,3,1,203.770861,2.025999,12442.14279
two,0,2,0,186.130861,1.939374,10791.496462
two,0,2,0,185.676861,1.995461,11184.708343
two,0,2,0,184.782861,2.03364,9803.585155
two,0,2,0,204.698861,2.079617,12819.327662
two,0,2,0,206.590861,2.084024,12109.130588
two,0,2,0,171.368861,1.938348,8498.500953
two,0,2,0,200.942861,2.111057,12115.815796
two,0,2,0,190.190861,2.072752,11045.908342
two,0,2,0,193.812861,1.886418,10154.279974
two,0,2,0,199.552861,2.048706,11627.201229
two,0,3,1,190.000861,2.034562,10087.465598
two,0,2,0,201.330861,2.284605,11864.604927
two,0,2,0,200.768861,2.066672,11587.085794
two,0,2,0,164.262861,1.924068,8348.204419
two,0,2,0,183.236861,1.828667,9885.668003
two,0,3,1,184.698861,1.94989,9398.358074
two,0,2,0,197.866861,2.164499,11817.640146
two,0,2,0,208.716861,2.104126,12055.420322
two,0,2,0,186.048861,2.018593,11075.259967
two,0,2,0,197.262861,2.08986,9520.673751
two,0,2,0,187.900861,2.160357,10395.694761
two,0,2,0,198.716861,2.273411,11386.310532
two,0,2,0,204.515861,2.113703,11909.113687
two,0,2,0,194.012861,1.899707,10621.097542
two,0,2,0,174.974861,2.063824,10287.065861
two,0,2,0,187.338861,1.916974,9772.330884
two,0,2,0,187.610861,1.99465,9487.464661
two,0,2,0,189.100861,2.095565,10524.65185
two,0,2,0,172.072861,2.062303,9499.490563
two,0,2,0,194.566861,2.171268,12202.529749
two,0,2,0,190.944861,2.109499,9958.568754
two,0,2,0,172.194861,1.932221,8935.584052
two,0,2,0,176.974861,1.842717,9360.566431
two,0,2,0,192.870861,2.181557,11221.656933
two,0,2,0,177.470861,1.904509,8874.523511
two,0,2,0,178.166861,2.060457,10367.975021
two,0,2,0,178.330861,1.894641,9203.619536
two,0,2,0,175.800861,1.841819,9071.296402
two,0,2,0,175.800861,1.900389,8519.378288
two,0,2,0,180.192861,1.81541,9298.405847
two,0,2,0,191.968861,2.090569,11575.880161
two,0,2,0,201.934861,2.351188,12998.871847
two,0,2,0,184.542861,1.926774,10506.459905
two,0,2,0,203.166861,1.958895,11654.644098
two,0,2,0,171.400861,2.004225,8726.454015
two,0,2,0,193.002861,1.836388,10251.059662
two,0,2,0,184.724861,1.746729,9651.529756
two,0,2,0,162.403861,1.616716,6738.528577
two,0,2,0,221.212861,2.218795,14512.738685
two,0,2,0,199.586861,2.196566,12487.673053
two,0,3,1,184.492861,2.024295,9561.246416
two,0,2,0,171.764861,1.807028,7563.383152
two,0,2,0,200.198861,2.3172,11504.647461
two,0,2,0,203.804861,2.040325,12260.313863
two,0,2,0,184.426861,2.032818,9667.240189
two,0,2,0,207.822861,2.172815,12274.344057
two,0,2,0,194.864861,1.999253,10878.2649
two,0,2,0,206.400861,2.049603,12174.213562
two,0,2,0,205.002861,2.088129,12375.060858
two,0,2,0,204.382861,2.123762,12497.722802
two,0,2,0,189.372861,1.886365,10142.291887
two,0,2,0,200.455861,2.135772,12815.776719
two,0,2,0,188.098861,1.929836,10866.637576
three,0,3,1,153.422861,1.630011,5676.856667
three,0,2,0,154.504861,1.627712,6124.557304
three,0,3,1,175.701861,1.874705,7955.096455
three,0,2,0,183.144861,2.034276,9036.091978
three,0,3,1,190.348861,2.190323,10871.545381
three,0,3,1,167.886861,1.835163,8525.265406
three,0,3,1,194.888861,2.195575,10933.300758
three,0,3,1,192.208861,1.940184,11319.729496
three,0,3,1,184.814861,1.945672,10767.472032
three,0,3,1,183.674861,1.950035,10405.731533
three,0,3,1,153.678861,1.739656,6301.463176
three,0,4,2,211.362861,2.202276,15845.420424
three,0,3,1,178.224861,1.940895,9466.056547
three,0,4,2,197.964861,2.057072,12499.417484
three,0,4,2,174.452861,1.775794,8610.957772
three,0,3,1,202.786861,2.069609,12568.45198
three,0,2,0,154.082861,1.794033,6626.833373
three,0,4,2,172.468861,1.924666,10098.776836
three,0,4,2,170.714861,1.934063,9992.607526
three,0,3,1,193.010861,1.910728,11054.802955
three,0,2,0,180.042861,1.978465,8943.06283
three,0,3,1,161.022861,1.680057,7692.524861
three,0,2,0,179.514861,1.926444,9187.86672
three,0,3,1,186.188861,2.071301,10971.967731
three,0,3,1,202.397861,2.199232,14817.290386
three,0,2,0,162.940861,1.593542,6285.724599
three,0,3,1,198.998861,2.148005,12700.228357
three,0,3,1,209.576861,2.136112,15203.105245
three,0,4,2,163.412861,1.723964,7456.090335
three,0,2,0,182.152861,1.94912,10137.65591
three,0,3,1,170.094861,1.783269,8538.213152
three,0,4,2,163.974861,1.744595,7053.135525
three,0,4,2,187.032861,1.884321,10698.328634
three,0,3,1,188.834861,1.946419,10856.932099
three,0,3,1,183.880861,1.949463,10131.451469
three,0,3,1,186.932861,2.084446,10726.28569
three,0,3,1,171.078861,1.89585,8202.033797
three,0,2,0,151.386861,1.631691,5850.605589
three,0,3,1,176.454861,1.816388,9791.829075
three,0,3,1,172.378861,1.911732,8420.247278
three,0,2,0,155.886861,1.752001,6437.857934
three,0,3,1,169.888861,1.787292,8188.013445
three,0,3,1,160.766861,1.798304,8207.871306
three,0,3,1,189.496861,1.901882,10333.620816
three,0,3,1,174.866861,1.876565,8755.626201
three,0,4,2,183.294861,2.005093,10691.516287
three,0,3,1,187.362861,2.076305,11248.090349
three,0,4,2,163.454861,1.716028,7601.00931
three,0,3,1,185.650861,1.993735,10466.95006
three,0,3,1,180.158861,1.943223,9071.040054
three,0,3,1,174.304861,1.92419,9046.521241
three,0,4,2,194.640861,2.130812,12182.301677
three,0,3,1,195.112861,2.026062,12050.609485
three,0,3,1,146.888861,1.81363,6882.786349
three,0,3,1,188.164861,2.050672,10296.852115
three,0,3,1,183.442861,1.982998,10757.710501
three,0,3,1,193.978861,1.973269,10038.948656
three,0,3,1,155.166861,1.767925,7200.174744
three,0,4,2,175.478861,1.82714,9665.159322
three,0,3,1,198.220861,2.051398,13164.427582
three,0,3,1,190.208861,1.991395,11393.367271
three,0,2,0,148.988861,1.720132,6202.221602
three,0,4,2,185.990861,1.967668,9959.278394
three,0,4,2,203.794861,2.201386,13935.999485
three,0,3,1,172.550861,1.846375,9906.514028
three,0,2,0,152.634861,1.649967,5666.238254
three,0,3,1,178.868861,1.848637,8202.668226
three,0,4,2,183.310861,1.932532,9301.735274
three,0,3,1,200.412861,2.247081,13358.621877
three,0,2,0,168.624861,1.915023,8822.056707
three,0,2,0,166.322861,1.918653,8118.65868
three,0,3,1,179.026861,1.84903,8527.506976
three,0,2,0,169.589861,1.773084,7537.661656
three,0,3,1,156.019861,1.941303,8434.741032
three,0,2,0,171.566861,1.749838,9298.727567
three,0,4,2,193.846861,1.974496,10159.923818
three,0,4,2,202.670861,2.005123,11249.856365
three,0,3,0,143.142861,1.546225,5338.505378
three,0,2,0,192.630861,1.879394,11076.026497
three,0,3,1,200.734861,2.173116,12567.869557
three,0,3,1,178.456861,1.874825,9784.332319
three,0,4,2,175.436861,1.973289,8248.421383
three,0,4,2,172.220861,1.82071,8677.42931
three,0,3,1,165.662861,1.869305,8728.791999
three,0,3,1,187.048861,2.021979,11459.15406
three,0,3,1,203.091861,2.221656,13438.731435
three,0,3,1,208.394861,2.143745,13418.205456
three,0,3,1,188.256861,2.050145,10306.117309
three,0,3,1,192.010861,2.002006,11134.455481
three,0,4,2,179.704861,1.869869,9534.49311
three,0,3,1,174.056861,1.857153,8846.744263
three,0,3,1,202.306861,2.109357,13632.604537
three,0,3,1,172.932861,2.003297,10281.3982
three,0,3,1,166.108861,1.871346,6979.793082
three,0,2,0,176.454861,1.78574,10076.938677
three,0,3,1,171.268861,1.824797,7661.911104
three,0,3,1,185.874861,1.894529,10458.028473
three,0,2,0,172.748861,1.77001,8960.334458
three,0,3,1,175.304861,1.881265,7975.417421
three,0,3,1,175.362861,1.829675,9222.736469
three,0,3,1,183.648861,1.989612,9150.224116
three,0,3,1,179.200861,1.906591,8873.645224
three,0,4,2,180.580861,1.966552,9788.188629
three,0,3,1,178.522861,1.955835,8373.783023
three,0,3,1,165.496861,1.887162,8692.21883
three,0,3,1,176.298861,1.847037,9528.447663
three,0,2,0,157.556861,1.609052,5877.716905
three,0,4,2,169.598861,1.727509,8910.369551
three,0,2,0,176.040861,1.770195,7356.225933
three,0,3,1,174.304861,1.717108,9232.873642
three,0,3,1,172.476861,1.933856,10063.712728
three,0,4,2,192.540861,2.076777,11453.769685
three,0,3,1,162.693861,1.681466,6887.740974
three,0,2,0,145.912861,1.655749,5204.765756
three,0,3,1,193.944861,2.200793,11751.944647
three,0,4,2,182.508861,1.965699,9698.376114
three,0,3,1,179.390861,1.872984,9118.29772
three,0,3,1,153.248861,1.790433,6610.251123
four,0,3,1,159.152861,1.807453,9255.027412
four,0,3,1,157.664861,1.698118,7705.120997
four,0,3,1,156.604861,1.794585,7836.867484
four,0,4,2,161.816861,1.77281,8095.260668
four,0,4,2,158.094861,1.679648,7023.251119
four,0,2,0,161.186861,1.724774,6760.364608
four,0,3,1,165.678861,1.749094,6871.440367
four,0,3,1,176.668861,2.019512,8371.920576
four,0,4,2,155.628861,1.7983,7490.574784
four,0,3,1,174.278861,1.984064,9116.313954
four,0,3,1,163.014861,1.893199,8200.816662
four,0,3,1,156.564861,1.593708,7486.876656
four,0,3,1,168.894861,1.901217,9983.232343
four,0,3,1,153.602861,1.768963,7176.366224
four,0,3,1,138.096861,1.530352,5602.350191
four,0,3,1,176.394861,1.883446,9628.850209
four,0,3,1,173.592861,1.836505,8935.831165
four,0,3,1,158.128861,1.809066,7696.023576
four,0,3,1,153.056861,1.626123,6476.269171
four,0,2,0,149.128861,1.672072,6858.852431
four,0,3,1,165.602861,1.908752,9296.397125
four,0,2,0,176.412861,1.895901,8599.266653
four,0,3,1,174.650861,1.841235,9831.743035
four,0,3,1,158.176861,1.767943,8837.690048
four,0,3,1,154.934861,1.688522,7329.973134
four,0,2,0,150.906861,1.735025,6092.586056
four,0,3,1,177.908861,1.962473,9006.607064
four,0,4,1,154.992861,1.773189,7537.863465
four,0,3,1,140.312861,1.522366,5668.756007
four,0,3,1,158.102861,1.782574,6902.26457
four,0,3,1,179.902861,1.824159,9869.987315
four,0,2,0,162.568861,1.749662,7734.9652
four,0,3,1,171.789861,1.932268,8982.256415
four,0,3,1,155.430861,1.640904,7442.470438
four,0,3,1,168.530861,1.645248,7900.774068
four,1,3,3,146.863861,1.549377,4952.085367
four,0,2,0,162.626861,1.722917,7025.180583
four,0,2,0,159.044861,1.708009,6636.697544
four,0,3,1,175.427861,1.94856,9886.84838
four,0,3,1,152.246861,1.737492,7674.506116
four,0,3,1,153.528861,1.766639,7098.600319
four,0,2,0,152.604861,1.82733,7040.541791
four,0,2,0,155.704861,1.737588,6036.654281
four,0,2,0,157.746861,1.719168,7312.454561
four,0,2,0,164.404861,1.801163,7544.119891
four,0,3,1,161.344861,1.720288,7030.037441
four,0,3,1,147.888861,1.602196,6286.78863
four,0,2,0,168.770861,1.781736,8563.050545
four,0,3,1,162.370861,1.774868,8280.354469
four,0,4,2,156.018861,1.670677,7963.756281
four,0,3,1,167.802861,1.858113,8587.880461
four,0,2,0,153.768861,1.541349,6642.731584
four,0,3,1,159.226861,1.858682,8155.175753
four,0,3,1,149.675861,1.732422,5827.969893
four,0,2,0,145.937861,1.715346,5492.611957
four,0,2,0,133.788861,1.3302,3193.355246
four,0,4,2,168.414861,1.86489,9126.645095
four,0,3,1,177.371861,1.952078,10193.536265
four,0,2,0,153.528861,1.688388,5951.875847
four,0,3,1,155.934861,1.680711,7086.939401
four,0,2,0,155.786861,1.652784,6634.185623
four,0,4,2,164.214861,1.824012,7819.851763
four,0,2,0,168.200861,1.807647,8384.333374
four,0,2,0,152.264861,1.693906,5996.528818
four,0,3,1,159.756861,1.707018,7929.071697
four,0,3,1,158.912861,1.740994,7359.527506
four,0,3,1,156.778861,1.69228,7357.324082
four,0,3,1,155.952861,1.78859,7817.275996
four,0,2,0,144.902861,1.553885,5890.613832
four,0,2,0,161.262861,1.74967,6405.390424
four,0,2,0,156.994861,1.713532,6757.236552
four,0,3,1,152.808861,1.707945,6332.259288
four,0,3,1,157.052861,1.711605,6720.015256
four,0,3,1,141.148861,1.567807,6003.005261
four,0,3,1,152.188861,1.757077,7573.708287
four,0,3,1,167.438861,1.83302,7691.583587
four,0,2,0,150.660861,1.764743,6041.304945
four,0,4,2,167.852861,1.768334,8463.835796
four,0,3,1,166.156861,1.820357,8595.742624
four,0,3,1,163.064861,1.737387,8403.623968
four,0,3,1,167.612861,1.961618,8222.614156
four,0,3,1,162.476861,1.83189,7243.715822
four,0,4,2,168.406861,1.90179,9563.352099
four,0,4,2,155.372861,1.695829,7497.890571
four,0,3,1,152.850861,1.787317,7950.140298
four,0,4,1,157.672861,1.766475,6775.265889
four,0,3,1,170.136861,1.94325,8860.475273
four,0,2,0,160.724861,1.809249,6880.07859
four,0,3,1,163.684861,1.75403,7703.2111
four,0,3,1,157.166861,1.770607,6909.184114
four,0,3,1,162.684861,1.812647,8306.160447
four,0,3,1,162.494861,1.726395,8058.97658
four,0,4,2,165.058861,1.893024,6946.706574
four,0,4,2,155.960861,1.772639,7675.373955
four,0,3,1,154.150861,1.807181,7312.855404
four,0,2,0,153.958861,1.687993,6349.397568
four,0,3,1,164.288861,1.734419,8314.07354
four,0,2,0,148.078861,1.622301,6558.876744
four,0,3,1,162.345861,1.740938,8835.079006
four,0,3,1,168.960861,1.833192,9456.09772
four,0,3,1,179.240861,1.959273,10298.700771
four,0,2,0,145.448861,1.550802,5775.93994
four,0,3,0,147.060861,1.407286,4731.513333
five,0,3,1,187.776861,1.804195,10927.117573
five,0,2,0,193.416861,1.993648,12062.670463
five,0,2,0,177.718861,1.824547,9479.155257
five,0,3,1,175.734861,1.902471,9847.824736
five,0,3,1,224.403861,2.272451,16731.348249
five,0,3,1,164.552861,1.668515,6735.737738
five,0,3,1,206.920861,2.388978,13600.93712
five,0,2,0,186.188861,2.119652,11926.498601
five,0,3,1,204.416861,2.033685,14748.108141
five,0,2,0,182.134861,1.883656,9684.053766
five,0,2,0,216.886861,2.153731,15639.270447
five,0,2,0,187.378861,2.087789,10873.179026
five,0,3,1,206.598861,2.024164,14745.69674
five,0,2,0,180.679861,2.068762,9746.836405
five,0,2,0,190.669861,1.831992,10589.774726
five,0,2,0,213.396861,2.177892,14333.800857
five,0,2,0,178.926861,2.074482,9820.566203
five,0,2,0,196.046861,1.989139,12145.220115
five,0,3,1,179.636861,1.817942,10675.409512
five,0,2,0,191.670861,2.08422,10765.335704
five,0,3,1,192.108861,1.949183,11871.42647
five,0,3,1,215.232861,2.107486,14951.708556
five,0,3,1,187.784861,1.855568,12254.040031
five,0,3,1,213.644861,2.193381,15399.360539
five,0,3,1,207.970861,2.050008,13458.901259
five,0,2,0,210.808861,2.192023,13242.937697
five,0,2,0,192.688861,1.893599,11999.51754
five,0,3,1,214.884861,2.148545,14945.871904
five,0,2,0,184.914861,1.93597,11989.411591
five,0,3,1,178.727861,1.936299,9894.857728
five,0,2,0,180.142861,1.685506,10686.689399
five,0,2,0,170.664861,1.869745,7974.71243
five,0,3,1,210.660861,2.187514,15847.073122
five,0,3,1,205.183861,2.357109,12791.59489
five,0,2,0,178.538861,1.864088,10124.72744
five,0,3,1,203.620861,1.972511,12767.03297
five,0,3,1,192.084861,2.133577,11188.267438
five,0,3,1,195.466861,1.945855,12046.504968
five,0,3,1,185.608861,1.835192,11030.049517
five,0,3,1,189.801861,1.763316,11438.778214
five,0,3,1,218.962861,2.305172,16695.467792
five,0,2,0,181.192861,1.887923,9893.580911
five,0,2,0,191.928861,2.006641,12731.331079
five,0,3,1,217.622861,2.084923,15740.519374
five,0,3,1,205.332861,2.136534,14118.850411
five,0,3,1,217.986861,2.125508,15088.926868
five,0,2,0,192.556861,1.921678,11324.820932
five,0,3,1,201.736861,2.123822,13774.170852
five,0,2,0,152.505861,1.667034,6263.505386
five,0,2,0,194.508861,1.999572,11990.3379
five,0,2,0,175.874861,1.99413,9390.633908
five,0,2,0,180.225861,1.946794,11082.962327
five,0,3,1,209.112861,2.031711,14793.934887
five,0,3,1,210.518861,2.076392,15091.805526
five,0,3,1,221.409861,2.255248,16320.754401
five,0,3,1,205.440861,2.000787,14158.119163
five,0,3,1,208.384861,2.052836,14716.931085
five,0,3,1,186.246861,1.962115,11315.088636
five,0,3,1,195.954861,2.076003,12586.802822
five,0,2,0,202.926861,1.965788,13519.38882
five,0,3,1,165.785861,1.814924,9300.109131
five,0,3,1,197.774861,2.158629,12291.34914
five,0,2,0,201.206861,2.119719,12258.619978
five,0,3,1,190.810861,2.159993,12616.408938
five,0,2,0,190.430861,1.852398,11344.820384
five,0,2,0,184.360861,1.914413,9131.487764
five,0,3,1,183.830861,1.85919,10150.083813
five,0,3,1,198.600861,2.011154,13512.77788
five,0,3,1,199.395861,1.943073,13363.326997
five,0,3,1,195.979861,2.276043,12642.133381
five,0,2,0,186.468861,2.014231,10513.021716
five,0,2,0,179.076861,1.806472,10529.917055
five,0,2,0,195.020861,1.940207,12147.484135
five,0,3,1,213.370861,2.199324,14820.644607
five,0,3,1,202.538861,2.11322,14753.543904
five,0,3,1,181.558861,1.990598,11738.892888
five,0,2,0,197.508861,2.02104,12127.813835
five,0,2,0,179.448861,1.857126,11172.939007
five,0,3,1,190.074861,1.938604,11141.537354
five,0,3,1,199.388861,2.22508,14037.38861
five,0,3,1,198.510861,2.008949,12215.266435
five,0,3,1,209.732861,2.125253,15496.207243
five,0,2,0,176.858861,1.880336,9021.524961
five,0,2,0,174.220861,2.028505,9504.139244
five,0,3,1,216.761861,2.087538,14591.280728
five,0,2,0,170.019861,1.685203,8105.99096
five,0,3,1,221.658861,2.182271,16295.564274
five,0,3,1,194.474861,2.001882,12748.978611
five,0,3,1,169.829861,1.713191,9155.175602
five,0,2,0,186.808861,1.945112,12189.995166
six,1,1,1,133.340861,1.391232,3276.395058
six,1,1,1,148.450861,1.623929,4380.418535
six,1,1,1,133.780861,1.445097,3121.224259
six,1,1,1,152.404861,1.620345,5243.267754
six,1,1,1,140.328861,1.519173,3909.114125
six,1,1,1,134.632861,1.509539,3598.942779
six,1,1,1,143.332861,1.556284,4119.686803
six,1,1,1,135.838861,1.380937,3486.654776
six,1,1,1,133.812861,1.555376,3787.03556
six,1,1,1,149.244861,1.56576,4420.081123
six,1,1,1,167.272861,1.592477,5751.337094
six,1,1,1,134.962861,1.377408,3387.866166
six,1,1,1,140.386861,1.548576,3944.362536
six,1,1,1,147.193861,1.46439,3982.201795
six,1,1,1,131.298861,1.422464,3277.275536
six,1,1,1,132.432861,1.47328,3333.168392
six,1,1,1,159.516861,1.508366,5529.822439
six,1,1,1,147.582861,1.600061,4292.745345
six,1,1,1,141.661861,1.548499,4162.402067
six,1,1,1,134.152861,1.506539,3872.733546
six,1,1,1,139.188861,1.36125,3415.757077
six,1,1,1,135.168861,1.543856,3889.058587
six,1,1,1,132.994861,1.398182,3345.732634
six,1,1,1,142.016861,1.478723,4026.338356
six,1,1,1,157.680861,1.589619,5287.677612
six,1,1,1,144.142861,1.510147,4200.747655
six,1,1,1,131.910861,1.340135,2746.513927
six,1,1,1,136.096861,1.438809,3489.152834
six,1,1,1,139.312861,1.426479,3833.659194
six,1,1,1,146.002861,1.667599,4613.043155
six,1,1,1,131.504861,1.514472,3631.004541
six,1,1,1,141.346861,1.401002,3372.372194
six,1,1,1,169.530861,1.628884,6107.114766
six,1,1,1,157.770861,1.501162,5613.315099
six,1,1,1,136.020861,1.390027,3244.831236
six,1,1,1,136.648861,1.467495,3665.44948
six,1,1,1,132.960861,1.419682,3583.983013
six,1,1,1,142.041861,1.518822,4052.288104
six,1,1,1,141.982861,1.501036,3979.9499
six,1,1,1,151.742861,1.603092,5137.84819
six,1,1,1,136.294861,1.45424,3827.672983
six,1,1,1,127.080861,1.325012,2986.684377
six,1,1,1,139.214861,1.615425,4018.886646
six,1,1,1,136.872861,1.418415,3703.130347
six,1,1,1,137.046861,1.442786,3381.939491
six,1,1,1,131.556861,1.430543,3499.257465
six,1,1,1,134.110861,1.387921,3158.131629
six,1,1,1,133.862861,1.420187,3675.347469
six,1,1,1,130.678861,1.33456,2708.419536
six,1,1,1,129.826861,1.352719,2943.229821
six,1,1,1,133.200861,1.464837,3366.476376
six,1,1,1,131.348861,1.492901,3110.505475
six,1,1,1,144.564861,1.368521,4335.968751
six,1,1,1,137.344861,1.547297,4140.009071
six,1,1,1,133.688861,1.416339,3347.27832
six,1,1,1,138.906861,1.381086,3649.431492
six,1,1,1,139.618861,1.385586,3607.862021
six,1,1,1,138.650861,1.451608,3776.501007
six,1,1,1,171.996861,1.786024,6515.445589
six,1,1,1,145.482861,1.596269,4437.112998
six,1,1,1,133.216861,1.508025,3542.638111
six,1,1,1,138.774861,1.481761,3734.586274
six,1,1,1,146.490861,1.441351,3786.027658
six,1,1,1,164.388861,1.725833,5683.979284
six,1,1,1,140.072861,1.389232,3528.483327
six,1,1,1,145.662861,1.514625,3993.685699
six,1,1,1,138.502861,1.444103,3744.579494
six,1,1,1,142.720861,1.598961,4312.91426
six,1,1,1,138.261861,1.469979,3464.45338
six,1,1,1,144.712861,1.469243,4203.445812
six,1,1,1,134.598861,1.521221,3870.753021
six,1,1,1,134.498861,1.447556,3773.011581
six,1,1,1,146.102861,1.51714,4197.467961
six,1,1,1,137.616861,1.411906,3772.102425
six,1,1,1,135.732861,1.339581,3411.370174
six,0,3,1,182.069861,1.91811,9708.534719
six,1,1,1,144.804861,1.536273,4127.367857
six,1,1,1,160.144861,1.525486,5962.293154
six,1,1,1,130.380861,1.486734,3279.727211
six,1,1,1,155.008861,1.653914,5159.228493
six,1,1,1,133.920861,1.564621,3808.021317
six,1,1,1,136.294861,1.45424,3827.672983
six,1,1,1,133.564861,1.429206,3456.270609
six,1,1,1,152.528861,1.462137,4580.154276
six,1,1,1,131.894861,1.529192,3291.400747
six,1,1,1,135.186861,1.35766,3049.169759
six,1,1,1,154.222861,1.54201,4594.759907
six,1,1,1,135.524861,1.434779,3419.240362
six,1,1,1,138.782861,1.456001,3590.409352
six,1,1,1,141.462861,1.427947,3822.61863
six,1,1,1,137.376861,1.478531,3882.010465
six,1,1,1,140.214861,1.448171,3921.898227
six,1,1,1,135.168861,1.438116,3426.276997
six,1,1,1,130.703861,1.344543,3161.165244
six,1,1,1,148.162861,1.623221,4515.299677
six,1,1,1,134.838861,1.442839,3505.648025
six,1,2,2,159.598861,1.608955,5502.827209
six,1,1,1,144.994861,1.582557,4458.557371
six,1,1,1,141.974861,1.468318,3893.038859
seven,0,2,0,149.352861,1.584524,4844.883902
seven,0,2,0,151.700861,1.72422,5305.917686
seven,0,2,0,147.632861,1.621086,5048.215818
seven,0,2,0,152.742861,1.62625,5287.995946
seven,0,2,0,153.652861,1.662192,5307.170667
seven,0,3,1,154.100861,1.760091,5673.020915
seven,0,2,0,171.276861,1.892213,7905.111696
seven,0,3,1,177.644861,2.059619,8540.495366
seven,0,2,0,173.450861,2.029941,8111.686893
seven,0,2,0,160.798861,1.733136,6475.968172
seven,0,2,0,159.168861,1.804712,6686.468148
seven,0,2,0,149.252861,1.618167,5040.41472
seven,0,2,0,158.738861,1.737778,6341.384316
seven,0,2,0,145.704861,1.556871,4794.74799
seven,0,2,0,184.722861,2.028354,8516.526479
seven,0,2,0,154.314861,1.793681,6255.514276
seven,0,3,1,162.741861,1.7816,6573.338199
seven,0,2,0,163.328861,1.844445,6493.591741
seven,0,3,0,151.138861,1.776479,5758.678756
seven,0,2,0,157.456861,1.785301,6707.976019
seven,0,2,0,147.788861,1.619124,4827.525901
seven,0,2,0,164.552861,1.753241,6549.033872
seven,0,2,0,165.982861,1.778655,6568.861082
seven,0,2,0,151.634861,1.634364,5188.516297
seven,0,3,1,158.374861,1.772942,6822.504922
seven,0,2,0,136.212861,1.566084,3804.180776
seven,0,3,1,166.504861,1.748048,7388.362408
seven,0,2,0,150.344861,1.676462,5191.939089
seven,0,2,0,169.258861,1.934808,7679.001231
seven,0,2,0,155.596861,1.675845,5590.624059
seven,0,2,0,167.090861,1.885418,7108.826104
seven,0,2,0,151.204861,1.634509,5107.93271
seven,0,2,0,182.978861,1.851763,8128.646826
seven,0,2,0,145.076861,1.561402,4603.182278
seven,0,2,0,149.520861,1.897725,7289.736604
seven,0,3,1,161.550861,1.81135,7658.608567
seven,0,2,0,146.184861,1.628803,4934.952439
seven,0,2,0,153.056861,1.799023,6496.403962
seven,0,2,0,151.998861,1.621798,5346.720564
seven,0,3,1,153.834861,1.624055,5670.608973
seven,0,2,0,171.416861,1.804623,7635.354659
seven,0,2,0,153.528861,1.698746,5613.870729
seven,0,2,0,154.942861,1.703938,5473.071078
seven,0,2,0,181.216861,1.969082,8213.626702
seven,0,3,1,162.716861,1.743657,5910.438166
seven,0,2,0,142.744861,1.590474,4396.193842
seven,0,2,0,167.802861,1.908784,6848.912428
seven,0,2,0,163.354861,1.956053,6661.612236
seven,0,2,0,143.156861,1.64048,4602.78002
seven,0,2,0,151.204861,1.748648,5467.945396
seven,0,2,0,156.414861,1.872952,6110.753781
seven,0,2,0,164.288861,1.759233,7185.352359
seven,0,2,0,144.654861,1.652202,5119.477231
seven,0,2,0,147.284861,1.71781,5360.558664
seven,0,2,0,172.814861,1.838648,7520.915095
seven,0,2,0,155.786861,1.652784,5409.070897
seven,0,2,0,152.742861,1.693963,5537.45145
seven,0,3,1,161.814861,1.791807,7290.581565
seven,0,2,0,165.818861,1.749347,7206.800154
seven,0,2,0,147.474861,1.665408,5107.881513
seven,0,2,0,148.640861,1.637123,4923.796397
seven,0,2,0,175.700861,1.893754,7733.443267
seven,0,3,1,163.560861,1.790566,6611.494089
seven,0,2,0,179.256861,1.969827,8722.854512
seven,0,2,0,167.190861,1.78902,7505.717974
seven,0,2,0,142.090861,1.63912,4859.757671
seven,0,2,0,154.818861,1.687258,5429.365208
seven,0,2,0,154.992861,1.728291,5654.590735
seven,0,3,1,169.258861,1.769623,7795.440367
seven,0,2,0,151.386861,1.733361,5417.69733
seven,0,2,0,157.216861,1.7083,5667.700234
seven,0,2,0,161.186861,1.879952,6490.322959
seven,0,2,0,158.242861,1.690841,6450.001211
seven,0,2,0,168.282861,1.784096,6781.212295
seven,0,2,0,156.820861,1.780969,5914.955645
seven,0,2,0,151.626861,1.667471,5034.63378
seven,0,2,0,158.400861,1.675783,5618.883059
seven,0,3,1,170.978861,1.846908,7395.695911
seven,0,2,0,153.834861,1.788102,5658.90103
seven,0,2,0,145.448861,1.654504,5280.832954
seven,0,2,0,151.948861,1.70369,5481.279909
seven,0,2,0,154.264861,1.700362,5804.513685
seven,0,2,0,148.028861,1.650637,5120.638273
seven,0,2,0,148.756861,1.708887,5074.981024
seven,0,2,0,146.730861,1.670446,5143.934668
seven,0,2,0,151.270861,1.617505,4878.17347
seven,0,2,0,158.796861,1.720371,5638.379721
seven,0,2,0,160.186861,1.689931,5803.083754
seven,0,2,0,154.016861,1.648052,5139.937308
seven,0,2,0,149.566861,1.647322,5125.744353
seven,0,2,0,154.090861,1.686894,5242.932566
seven,0,2,0,144.398861,1.685592,5173.811508
seven,0,2,0,148.880861,1.716013,5248.51333
eight,2,0,2,132.034861,1.299906,1753.743028
eight,2,0,2,134.258861,1.30989,1879.321131
eight,2,0,2,149.782861,1.438308,3298.129044
eight,2,0,2,129.983861,1.340706,2249.368104
eight,2,0,2,125.856861,1.232347,1721.659503
eight,2,0,2,133.266861,1.293269,1878.885378
eight,2,0,2,132.951861,1.355997,2153.698582
eight,2,0,2,136.830861,1.318526,1918.847286
eight,2,0,2,135.532861,1.288838,1940.111926
eight,2,0,2,128.958861,1.219414,1778.346774
eight,2,0,2,135.283861,1.406702,2188.462527
eight,2,0,2,128.973861,1.339271,1957.849352
eight,1,1,1,180.796861,1.930449,8700.297025
eight,2,0,2,135.912861,1.276593,2114.62544
eight,1,1,1,190.538861,1.877032,8102.434476
eight,2,0,2,130.430861,1.268754,1916.95008
eight,2,0,2,128.784861,1.201674,1649.756224
eight,2,0,2,132.994861,1.308561,2065.998751
eight,2,0,2,130.512861,1.235498,1776.552172
eight,2,0,2,128.676861,1.286587,1777.753184
eight,2,0,2,132.902861,1.341541,1871.073825
eight,2,0,2,139.700861,1.315092,2066.564689
eight,2,0,2,130.578861,1.223107,1619.730951
eight,2,0,2,125.774861,1.279457,1791.271365
eight,2,0,2,136.020861,1.309194,1782.998221
eight,2,0,2,131.330861,1.350095,2183.603608
eight,2,0,2,131.877861,1.367575,2079.67875
eight,2,0,2,128.338861,1.336304,2415.063802
eight,2,0,2,132.390861,1.28782,1863.827867
eight,2,0,2,132.827861,1.367301,2099.973355
eight,2,0,2,130.082861,1.231427,1876.733282
eight,2,0,2,134.366861,1.306265,1958.665971
eight,2,0,2,136.102861,1.323928,1866.865532
eight,2,0,2,133.084861,1.329825,1885.387383
eight,2,0,2,130.726861,1.236132,1855.233811
eight,2,0,2,125.368861,1.263068,2031.281448
eight,2,0,2,133.316861,1.380633,2400.049867
eight,2,0,2,132.438861,1.35431,1942.15511
eight,2,0,2,133.134861,1.313941,1880.996046
eight,2,0,2,136.747861,1.363863,2222.478423
eight,2,0,2,139.816861,1.462808,2377.896613
eight,2,0,2,129.594861,1.34572,1765.41119
eight,2,0,2,132.009861,1.319083,1899.841952
eight,2,0,2,132.422861,1.284319,1909.576262
eight,2,0,2,132.720861,1.266422,1747.685781
eight,2,0,2,133.258861,1.252359,1958.511863
eight,2,0,2,134.224861,1.402375,2234.114623
eight,2,0,2,136.202861,1.331247,2239.219527
eight,2,0,2,128.370861,1.327624,1816.484394
eight,2,0,2,127.990861,1.193613,1837.066641
eight,2,0,2,126.527861,1.30506,2250.359111
eight,2,0,2,136.102861,1.279797,1938.760646
eight,2,0,2,131.364861,1.285505,1949.705089
eight,2,0,2,134.424861,1.247495,2128.876791
eight,2,0,2,127.634861,1.256588,2098.88005
eight,2,0,2,141.064861,1.350685,2055.06725
eight,2,0,2,125.046861,1.353733,2248.211841
eight,2,0,2,136.732861,1.286436,2217.582095
eight,2,0,2,130.198861,1.238115,1786.454317
eight,2,0,2,132.886861,1.296504,2076.596079
eight,2,0,2,134.431861,1.296923,2001.014145
eight,2,0,2,129.296861,1.329185,1907.43411
eight,1,1,1,190.942861,1.977409,8075.116096
eight,2,0,2,131.778861,1.272818,2035.183902
eight,2,0,2,133.060861,1.342277,2114.702755
eight,2,0,2,127.254861,1.283707,2108.481483
eight,2,0,2,121.424861,1.238431,1917.771659
eight,2,0,2,139.352861,1.329705,2039.979949
eight,2,0,2,130.892861,1.334125,1668.25292
eight,2,0,2,126.493861,1.276847,1847.042501
eight,2,0,2,136.276861,1.398158,2337.219067
eight,2,0,2,132.836861,1.277805,1836.407664
eight,2,0,2,137.152861,1.38179,2300.605046
eight,2,0,2,126.650861,1.301121,1923.825353
eight,2,0,2,132.075861,1.343555,1913.776024
eight,2,0,2,134.804861,1.256472,1864.701871
eight,2,0,2,137.054861,1.366071,2099.035964
eight,2,0,2,132.009861,1.338539,2065.702851
eight,2,0,2,123.937861,1.239982,1710.51752
eight,2,0,2,131.892861,1.280693,1846.363407
eight,2,1,3,141.726861,1.376182,2574.034752
eight,2,0,2,132.150861,1.284722,2083.884381
eight,2,0,2,140.419861,1.347618,2450.191202
eight,2,0,2,136.954861,1.287808,2010.754617
eight,2,0,2,133.250861,1.35025,2140.450321
eight,1,1,1,122.978861,1.14313,1721.758291
eight,1,1,1,134.324861,1.28541,2131.003237
eight,2,0,2,128.924861,1.329784,1922.10832
eight,2,0,2,134.018861,1.265839,1898.301427
eight,2,0,2,122.523861,1.209959,1654.651707
eight,1,1,1,133.447861,1.221363,2124.816323
eight,2,0,2,138.443861,1.417581,2797.936673
eight,2,0,2,135.408861,1.392017,2407.18951
eight,2,0,2,129.404861,1.330296,2059.806534
eight,2,0,2,129.562861,1.252884,2117.851821
eight,2,0,2,133.878861,1.263102,2044.167616
eight,2,0,2,131.256861,1.256051,1709.866945
eight,2,0,2,134.350861,1.334959,1932.024219
eight,2,0,2,130.884861,1.362814,2055.450086
eight,2,0,2,133.911861,1.37846,1917.921424
eight,2,0,2,129.528861,1.279135,1872.963289
nine,1,1,1,162.286861,1.573958,5573.324353
nine,1,1,1,142.098861,1.5065,3962.68766
nine,1,1,1,140.264861,1.510713,4096.720409
nine,1,1,1,134.374861,1.414656,3335.647878
nine,1,1,1,134.598861,1.521221,3870.753021
nine,1,1,1,129.306861,1.377709,2787.453038
nine,1,1,1,155.008861,1.653914,5159.228493
nine,1,1,1,128.354861,1.331942,2880.566016
nine,1,1,1,141.256861,1.56658,4140.395264
nine,1,1,1,131.778861,1.421388,3017.269037
nine,0,3,1,186.312861,1.950606,11687.239766
nine,1,1,1,142.016861,1.478723,4026.338356
nine,1,1,1,137.046861,1.442786,3381.939491
nine,1,1,1,133.862861,1.420187,3675.347469
nine,1,1,1,148.698861,1.583194,4722.321164
nine,1,1,1,138.178861,1.429059,3696.041719
nine,1,1,1,140.214861,1.389782,3632.041577
nine,1,1,1,136.938861,1.45077,3536.37416
nine,1,1,1,138.558861,1.482644,3905.883497
nine,1,2,1,139.850861,1.458158,3524.816504
nine,1,1,1,134.780861,1.424896,3456.046833
nine,1,1,1,130.214861,1.317787,2707.995327
nine,1,1,1,161.202861,1.669421,5656.882778
nine,1,1,1,157.680861,1.589619,5287.677612
nine,1,1,1,135.168861,1.538819,3747.219262
nine,1,1,1,134.688861,1.338318,3260.97243
nine,1,1,1,146.490861,1.441351,3786.027658
nine,1,1,1,138.650861,1.420637,3690.079426
nine,1,1,1,153.082861,1.549213,5036.120711
nine,1,1,1,145.880861,1.631792,4727.127674
nine,1,1,1,138.576861,1.442905,3575.016364
nine,1,1,1,135.028861,1.414662,3033.30714
nine,1,1,1,135.186861,1.35766,3049.169759
nine,0,2,0,138.732861,1.397708,3486.447016
nine,1,1,1,133.200861,1.464837,3366.476376
nine,0,2,0,177.752861,1.948869,9450.666318
nine,1,1,1,134.814861,1.395206,3344.928005
nine,1,1,1,147.854861,1.423925,3669.320722
nine,1,1,1,139.618861,1.385586,3607.862021
nine,1,1,1,141.346861,1.401002,3372.372194
nine,1,1,1,141.462861,1.427947,3822.61863
nine,1,1,1,134.970861,1.428913,3370.497447
nine,1,1,1,134.432861,1.362228,3336.496211
nine,1,1,1,128.775861,1.367185,2948.401601
nine,1,1,1,134.672861,1.541987,3766.763222
nine,1,1,1,145.662861,1.514625,3993.685699
nine,1,1,1,130.894861,1.485332,3634.474219
nine,1,1,1,131.686861,1.473021,3127.842539
nine,1,1,1,132.522861,1.489415,3423.617981
nine,1,1,1,138.460861,1.411262,3502.29951
nine,1,1,1,135.102861,1.464756,3662.653051
nine,1,1,1,135.044861,1.339365,3242.808674
nine,1,1,1,142.992861,1.440626,4567.220105
nine,1,1,1,138.088861,1.465022,3653.943895
nine,1,1,1,133.564861,1.429206,3456.270609
nine,1,1,1,164.800861,1.583437,5914.604864
nine,1,1,1,144.994861,1.584932,4479.01039
nine,1,1,1,135.954861,1.416569,3366.193694
nine,1,1,1,130.926861,1.237328,2435.214416
nine,1,1,1,138.906861,1.381086,3649.431492
nine,1,1,1,129.330861,1.291504,2478.487674
nine,1,1,1,134.672861,1.340656,2783.463557
nine,1,1,1,161.500861,1.573794,5848.755866
nine,1,1,1,148.450861,1.623929,4380.418535
nine,1,1,1,150.874861,1.702441,4716.158306
nine,1,1,1,134.110861,1.387921,3158.131629
nine,0,2,0,183.906861,1.976439,9575.16658
nine,1,1,1,135.772861,1.437404,3501.144668
nine,1,1,1,134.144861,1.464134,3608.452753
nine,1,1,1,159.268861,1.583536,5357.082343
nine,1,1,1,133.812861,1.435998,3300.499158
nine,1,1,1,151.162861,1.542743,4900.632511
nine,1,1,1,136.252861,1.459019,3523.050061
nine,1,1,1,133.878861,1.346231,3355.432675
nine,1,1,1,137.038861,1.378883,3360.468494
nine,1,1,1,134.482861,1.302759,2915.846549
nine,1,1,1,137.758861,1.432438,3896.595359
nine,1,1,1,142.992861,1.521359,4346.464588
nine,1,1,1,140.610861,1.547502,4022.354174
nine,1,1,1,133.820861,1.400076,3309.147418
nine,1,1,1,133.920861,1.564621,3808.021317
nine,1,1,1,141.528861,1.53556,3979.06929
nine,1,1,1,152.528861,1.462137,4580.154276
nine,1,1,1,139.188861,1.36125,3415.757077
nine,1,1,1,150.428861,1.510733,4752.267346
nine,1,1,1,145.862861,1.367023,4350.236175
nine,1,1,1,135.722861,1.48025,3505.5015
nine,0,3,1,180.340861,1.974264,10788.408397
nine,1,1,1,142.926861,1.426381,4118.32732
nine,1,1,1,143.332861,1.556284,4119.686803
nine,1,1,1,133.920861,1.564621,3808.021317
nine,1,1,1,131.596861,1.338682,3078.477817
nine,1,1,1,138.700861,1.477798,3694.513743
nine,1,1,1,151.742861,1.603092,5137.84819
nine,1,1,1,153.256861,1.667748,5103.719867
nine,1,1,1,146.350861,1.563774,4257.202425
nine,1,1,1,138.724861,1.516395,3861.449762
nine,1,1,1,137.022861,1.346556,3593.774748
