@relation training

@attribute class {zero,one,two,three,four,five,six,seven,eight,nine}
@attribute mor_0 numeric
@attribute mor_1 numeric
@attribute mor_2 numeric
@attribute mor_3 numeric
@attribute mor_4 numeric
@attribute mor_6 numeric

@data
zero,1,0,0,131.066861,1.246369,1795.985887
zero,1,0,0,128.973861,1.311147,1752.911256
zero,1,0,0,127.766861,1.232623,1604.780162
zero,0,2,0,218.300861,2.229401,9370.670736
zero,1,0,0,129.478861,1.270878,1695.055281
zero,1,0,0,124.384861,1.364778,1788.18042
zero,1,0,0,133.232861,1.369648,1747.263857
zero,1,0,0,127.816861,1.461082,1782.537404
zero,1,0,0,133.306861,1.30766,1829.529741
zero,1,0,0,129.850861,1.299141,1551.035202
zero,1,0,0,133.464861,1.296726,1568.881562
zero,0,2,0,209.418861,2.027482,13099.455286
zero,1,0,0,132.215861,1.26305,1757.956207
zero,1,0,0,127.072861,1.18247,1636.628705
zero,1,0,0,130.082861,1.297389,1680.512659
zero,1,0,0,141.072861,1.336216,2180.629149
zero,1,0,0,127.956861,1.289142,1586.722364
zero,1,0,0,134.820861,1.249143,1623.20697
zero,1,0,0,126.939861,1.290469,1732.9834
zero,1,0,0,130.140861,1.293127,1601.576424
zero,1,0,0,136.392861,1.386569,1885.099585
zero,1,0,0,125.219861,1.24423,1602.840912
zero,1,0,0,129.676861,1.273593,1830.097057
zero,1,0,0,135.738861,1.279935,1949.631773
zero,1,0,0,134.804861,1.292236,1619.933005
zero,1,0,0,126.998861,1.26663,1542.462627
zero,1,0,0,131.198861,1.287761,1697.677432
zero,1,0,0,123.342861,1.343222,1700.900026
zero,1,0,0,127.948861,1.32415,1652.673224
zero,1,0,0,128.270861,1.23604,1795.013571
zero,1,0,0,130.636861,1.216297,1601.070959
zero,1,0,0,144.016861,1.343802,2256.65348
zero,1,0,0,123.236861,1.365678,2097.188584
zero,1,0,0,126.724861,1.302745,1609.334822
zero,1,0,0,128.742861,1.292125,1698.454401
zero,1,0,0,122.904861,1.201994,1439.53494
zero,1,0,0,128.122861,1.238959,1508.249286
zero,1,0,0,126.278861,1.210506,1514.355177
zero,1,0,0,130.280861,1.298552,1705.019387
zero,1,0,0,130.578861,1.268686,1596.788072
zero,1,0,0,129.164861,1.263976,1537.423771
zero,1,0,0,124.996861,1.21807,1692.167937
zero,1,0,0,130.230861,1.317101,1669.673789
zero,1,0,0,134.249861,1.285432,1949.581306
zero,1,0,0,121.572861,1.248125,1530.151156
zero,1,0,0,134.258861,1.277449,1655.186876
zero,1,0,0,128.684861,1.319394,1624.011556
zero,1,0,0,131.934861,1.356304,1623.238035
zero,1,0,0,130.156861,1.428109,1849.047453
zero,1,0,0,128.800861,1.242598,1519.847054
zero,1,0,0,127.948861,1.317956,1595.632139
zero,1,0,0,137.880861,1.361614,1769.867
zero,1,0,0,121.986861,1.303442,2022.701798
zero,1,0,0,133.150861,1.311693,1620.221779
zero,1,0,0,128.419861,1.334423,1634.099606
zero,1,0,0,129.817861,1.296367,1791.835534
zero,1,0,0,127.460861,1.292413,1608.963832
zero,1,0,0,139.666861,1.463253,2154.437406
zero,1,0,0,130.156861,1.287706,1668.600995
zero,1,0,0,136.648861,1.27366,1712.383206
zero,1,0,0,131.256861,1.236981,1638.090031
zero,1,0,0,128.618861,1.225879,1517.039218
zero,1,0,0,126.882861,1.226248,1606.8253
zero,1,0,0,135.846861,1.366889,1640.186583
zero,1,0,0,129.288861,1.255408,1590.042076
zero,1,0,0,132.976861,1.302848,1628.679826
zero,1,0,0,133.588861,1.38345,1666.205493
zero,1,0,0,127.650861,1.269962,1653.768568
zero,1,0,0,134.018861,1.345078,1871.813126
zero,1,0,0,135.300861,1.306836,1690.068384
zero,1,0,0,128.146861,1.212417,1726.835761
zero,1,0,0,130.810861,1.248912,1627.671359
zero,1,0,0,124.425861,1.276571,1701.558585
zero,1,0,0,133.018861,1.294699,1813.312452
zero,0,2,0,231.276861,2.38708,15215.964412
zero,1,0,0,127.436861,1.193676,1628.764278
zero,1,0,0,132.596861,1.316714,1694.231061
zero,1,0,0,130.958861,1.279225,1750.990786
zero,1,0,0,129.164861,1.234612,1630.91695
zero,1,0,0,133.034861,1.250948,1718.367277
zero,1,0,0,134.235861,1.360231,2267.902684
zero,1,0,0,126.998861,1.192205,1629.070635
zero,1,0,0,137.822861,1.2931,1945.003749
zero,1,0,0,131.554861,1.294393,1768.849417
zero,1,0,0,131.173861,1.319031,1568.978435
zero,1,0,0,122.448861,1.21294,1618.527005
zero,1,0,0,126.956861,1.275816,1608.740609
zero,1,0,0,128.858861,1.270186,1632.641545
zero,1,0,0,125.186861,1.196588,1607.212267
zero,1,0,0,135.432861,1.26648,1795.471446
zero,1,0,0,132.406861,1.290279,1694.659385
zero,1,0,0,129.346861,1.305646,1547.263727
zero,1,0,0,134.820861,1.367925,1872.544549
zero,1,0,0,136.598861,1.327176,1711.670697
zero,1,0,0,124.136861,1.263616,1560.034174
zero,1,0,0,130.958861,1.348961,1755.422128
zero,1,0,0,129.891861,1.286668,1782.854228
zero,1,0,0,131.702861,1.337155,1855.10493
zero,1,0,0,128.354861,1.200291,1496.383412
zero,1,0,0,125.600861,1.164346,1497.753302
zero,1,0,0,132.538861,1.274197,1658.776947
zero,1,0,0,135.176861,1.286184,1671.001033
zero,1,0,0,123.887861,1.288205,1664.23941
zero,1,0,0,130.578861,1.217083,1620.643384
one,0,4,2,136.185861,1.474322,3943.681013
one,0,2,0,139.692861,1.521276,4354.333826
one,0,2,0,132.770861,1.286175,2900.261136
one,0,2,0,133.315861,1.264884,2606.864951
one,0,4,4,155.074861,1.512981,4419.579881
one,0,2,0,137.542861,1.277814,2668.63761
one,0,2,0,139.419861,1.361058,2385.083143
one,0,2,0,137.062861,1.337247,3381.278613
one,0,3,1,132.976861,1.283637,3294.15124
one,0,3,0,139.394861,1.379951,3790.135953
one,0,3,1,136.616861,1.404436,3771.59765
one,0,3,1,129.990861,1.23125,2034.494568
one,0,2,0,128.122861,1.384995,3126.28153
one,0,3,1,144.398861,1.525507,5269.595167
one,0,3,1,135.507861,1.441723,4255.362811
one,0,3,1,148.400861,1.456604,4637.840506
one,0,3,1,136.078861,1.475338,4657.636548
one,0,2,0,146.696861,1.416077,4380.491688
one,0,2,0,160.790861,1.728012,6309.708086
one,0,3,1,157.316861,1.751471,6954.974642
one,0,2,0,143.876861,1.557583,4703.269154
one,0,3,1,132.382861,1.289276,3256.693019
one,0,2,0,136.102861,1.339141,3045.174816
one,0,2,0,126.740861,1.237281,2610.744883
one,0,2,0,130.363861,1.282674,2429.448923
one,0,2,0,140.130861,1.350325,3655.555177
one,0,3,1,145.464861,1.366312,3670.647131
one,0,2,0,144.580861,1.346122,3621.026756
one,0,2,0,142.711861,1.341198,3359.635559
one,0,2,0,132.720861,1.28569,2755.062839
one,0,2,0,139.261861,1.241062,2250.276695
one,0,2,0,134.350861,1.28271,3345.685383
one,0,2,0,130.084861,1.576239,3396.473985
one,0,2,0,134.837861,1.260916,2511.185548
one,0,2,0,144.472861,1.351759,3132.833589
one,0,3,1,135.060861,1.303754,3247.020748
one,0,2,0,146.598861,1.48455,5011.066342
one,0,2,0,137.600861,1.497378,3810.383253
one,0,3,1,147.640861,1.684927,6336.329658
one,0,2,0,131.545861,1.280362,2864.290187
one,0,2,0,135.152861,1.404386,3247.438041
one,0,3,1,137.599861,1.368942,4152.130618
one,0,3,1,135.615861,1.346694,3253.932959
one,0,3,1,140.081861,1.484068,4474.208679
one,0,2,0,137.608861,1.351495,3213.777684
one,0,3,1,141.470861,1.515987,5416.707511
one,0,3,1,135.689861,1.332648,3541.002374
one,0,2,0,141.024861,1.317326,2880.77026
one,0,2,0,138.906861,1.407563,3432.480671
one,0,2,0,136.144861,1.462082,3576.912855
one,0,2,0,134.424861,1.374619,3432.422035
one,0,3,1,136.318861,1.432133,3775.714556
one,0,2,0,134.126861,1.293981,2989.56261
one,0,2,0,131.290861,1.252061,2972.996929
one,0,2,0,132.406861,1.281139,2728.172825
one,0,2,0,128.818861,1.478618,3001.151678
one,0,3,1,139.676861,1.547861,3766.469832
one,0,2,0,138.626861,1.591197,4811.324296
one,0,3,1,143.380861,1.376832,3845.846275
one,0,2,0,144.149861,1.287839,2574.880441
one,0,3,1,131.744861,1.312326,3355.984762
one,0,3,1,146.382861,1.381846,2991.356255
one,0,2,0,136.152861,1.49052,4092.140579
one,0,3,1,135.482861,1.311673,3767.82304
one,0,2,0,145.058861,1.28951,3239.715038
one,0,3,1,141.610861,1.358262,4615.541733
one,0,3,1,140.568861,1.337488,3745.487184
one,0,3,1,128.776861,1.338133,3486.892962
one,0,2,0,136.094861,1.288339,3050.003532
one,0,3,1,143.976861,1.524258,4804.798169
one,0,2,0,130.347861,1.236025,2389.435743
one,0,2,0,140.172861,1.409521,3187.611963
one,0,2,0,133.290861,1.325249,3081.266706
one,0,3,1,143.165861,1.386056,4104.3202
one,0,2,0,136.086861,1.340616,3582.058458
one,0,3,1,136.293861,1.316427,2755.237171
one,0,3,1,139.238861,1.444885,3672.318014
one,0,2,0,138.642861,1.407615,3198.815151
one,0,2,0,163.220861,1.700665,6735.687044
one,0,2,0,131.397861,1.243176,2260.193519
one,0,2,0,130.570861,1.248051,2838.268786
one,0,3,1,135.136861,1.42566,4134.958396
one,0,2,0,134.606861,1.316439,2984.782311
one,0,3,1,131.174861,1.304211,3276.901804
one,0,2,0,123.342861,1.438571,2738.415961
one,0,3,5,150.543861,1.601697,4951.456401
one,0,2,0,136.194861,1.452134,3334.110374
one,0,2,0,136.806861,1.444288,3560.92153
one,0,2,0,130.067861,1.472378,3410.535772
one,0,2,0,138.030861,1.32854,2935.398334
one,0,2,0,133.862861,1.285434,2644.125501
one,0,3,1,142.686861,1.359963,3636.169444
one,0,3,1,145.200861,1.497661,5041.668302
one,0,2,0,137.682861,1.496046,4395.574149
one,0,2,0,122.854861,1.437803,2607.936455
one,0,2,0,130.512861,1.321653,2872.47141
one,0,2,0,137.616861,1.328427,3366.231379
two,0,2,0,204.698861,2.079617,12819.327662
two,0,2,0,191.250861,2.098446,10695.619299
two,0,2,0,197.262861,2.08986,9520.673751
two,0,2,0,180.754861,1.908253,9236.347017
two,0,2,0,200.198861,2.3172,11504.647461
two,0,2,0,163.849861,1.784349,7033.617718
two,0,2,0,176.776861,1.878131,8604.726175
two,0,2,0,204.366861,2.113582,11473.956852
two,0,2,0,187.900861,2.160357,10395.694761
two,0,2,0,201.100861,2.003188,11771.377278
two,0,2,0,189.346861,2.169786,10841.254857
two,0,2,0,174.974861,2.063824,10287.065861
two,0,2,0,193.002861,1.836388,10251.059662
two,0,2,0,184.426861,2.032818,9667.240189
two,0,2,0,203.166861,1.958895,11654.644098
two,0,2,0,180.266861,2.043928,10484.021251
two,0,2,0,206.590861,2.084024,12109.130588
two,0,2,0,200.520861,2.031907,12182.097504
two,0,2,0,202.538861,2.360232,13014.443008
two,0,2,0,197.130861,1.967326,10926.199659
two,0,2,0,184.320861,2.066654,10969.361836
two,0,2,0,197.734861,2.16143,11864.419656
two,0,2,0,184.724861,1.746729,9651.529756
two,0,2,0,185.676861,1.995461,11184.708343
two,0,2,0,223.296861,2.55883,13018.090821
two,0,2,0,175.692861,1.965263,9308.355267
two,0,2,0,195.542861,1.960083,11127.522887
two,0,2,0,162.386861,1.791254,7395.956163
two,0,2,0,165.546861,1.697337,6474.977916
two,0,2,0,189.504861,2.145209,10719.733324
two,0,2,0,203.804861,2.040325,12260.313863
two,0,2,0,190.564861,2.123288,11295.040352
two,0,2,0,190.150861,1.885902,11846.521116
two,0,2,0,183.236861,1.828667,9885.668003
two,0,2,0,193.102861,2.027287,10775.343598
two,0,2,0,183.806861,1.940473,10132.94264
two,0,2,0,195.236861,2.127745,11077.545687
two,0,2,0,189.372861,1.886365,10142.291887
two,0,2,0,200.058861,1.997797,11920.934127
two,0,2,0,182.764861,1.877596,9377.221221
two,0,2,0,194.706861,2.077484,10844.623006
two,0,2,0,187.114861,1.92869,9843.096845
two,0,2,0,194.566861,2.171268,12202.529749
two,0,2,0,164.262861,1.924068,8348.204419
two,0,2,0,144.630861,1.526887,4735.332786
two,0,2,0,182.838861,1.967819,9629.454458
two,0,2,0,191.530861,1.887956,10609.477747
two,0,2,0,171.400861,2.004225,8726.454015
two,0,2,0,185.320861,1.941558,11312.415865
two,0,2,0,177.844861,1.838054,8575.661498
two,0,2,0,180.052861,1.847286,9837.072335
two,1,1,1,159.722861,1.657448,5540.35815
two,0,2,0,205.912861,2.038452,12582.807804
two,0,2,0,184.542861,1.926774,10506.459905
two,0,2,0,188.520861,1.943182,10355.376555
two,0,2,0,178.330861,1.894641,9203.619536
two,0,3,1,177.041861,1.741948,6955.245778
two,0,2,0,191.522861,1.938229,10846.810857
two,0,2,0,169.020861,1.98494,10014.861858
two,0,2,0,190.885861,1.993,10160.088215
two,0,2,0,162.403861,1.616716,6738.528577
two,0,3,1,197.592861,2.010033,11201.396538
two,0,2,0,156.092861,1.60893,5997.794663
two,0,2,0,161.616861,1.770618,6720.473842
two,0,2,0,195.020861,2.041775,10576.933088
two,1,1,1,153.478861,1.588361,5167.201292
two,0,2,0,177.470861,1.904509,8874.523511
two,0,2,0,188.860861,2.091292,10516.40694
two,0,2,0,188.312861,2.106427,11225.111355
two,0,2,0,192.870861,2.181557,11221.656933
two,0,3,1,189.372861,2.15942,10842.553855
two,0,2,0,221.212861,2.218795,14512.738685
two,0,2,0,193.068861,1.976908,10611.242549
two,0,3,1,178.248861,1.713643,8632.919926
two,0,2,0,202.926861,2.335056,11790.590911
two,0,2,0,191.968861,2.090569,11575.880161
two,0,2,0,177.420861,1.919311,9347.623625
two,0,3,1,176.346861,1.904893,8661.646275
two,0,3,1,177.024861,1.870185,9013.051976
two,0,3,1,192.646861,2.01692,11262.432365
two,0,2,0,194.152861,1.962321,11270.596774
two,0,2,0,190.944861,2.109499,9958.568754
two,0,2,0,186.048861,2.018593,11075.259967
two,0,2,0,205.002861,2.088129,12375.060858
two,0,2,0,193.260861,2.026141,11076.601022
two,0,2,0,192.110861,2.188854,11248.936007
two,0,3,1,206.194861,2.065553,12718.16452
two,0,2,0,199.710861,1.927826,11420.755384
two,0,2,0,201.330861,2.284605,11864.604927
two,0,2,0,183.384861,2.062686,10864.253642
two,0,2,0,171.368861,1.938348,8498.500953
two,0,2,0,184.964861,1.772045,9752.960413
two,0,3,1,190.000861,2.034562,10087.465598
two,0,2,0,206.318861,2.225389,12793.897095
two,0,2,0,200.768861,2.066672,11587.085794
two,0,2,0,176.709861,1.781455,8826.387131
two,0,2,0,198.626861,2.104311,11288.750651
two,0,2,0,196.550861,1.954214,11507.50873
two,0,2,0,178.166861,2.060457,10367.975021
two,0,2,0,207.822861,2.172815,12274.344057
two,0,2,0,177.174861,2.040429,9774.504211
two,0,2,0,198.568861,2.224649,11660.197663
two,0,2,0,175.080861,1.852247,8488.775971
three,0,4,2,202.670861,2.005123,11249.856365
three,0,4,2,172.468861,1.924666,10098.776836
three,0,4,2,191.398861,2.079718,11453.373893
three,0,3,1,170.028861,1.746755,8077.610813
three,0,4,2,184.624861,1.751698,9678.079131
three,0,3,1,200.412861,2.247081,13358.621877
three,0,3,1,186.932861,2.084446,10726.28569
three,0,3,1,183.880861,1.949463,10131.451469
three,0,3,1,180.828861,1.860175,9153.844662
three,0,3,1,179.084861,1.799662,9240.950925
three,0,3,1,206.640861,2.156019,12907.011054
three,0,3,1,156.019861,1.941303,8434.741032
three,0,3,1,187.048861,2.021979,11459.15406
three,0,3,1,165.496861,1.887162,8692.21883
three,0,2,0,161.716861,1.595048,6200.322665
three,0,3,1,195.392861,2.030346,11234.781059
three,0,3,1,166.704861,1.830507,8052.601609
three,0,4,2,182.714861,1.969353,10743.908863
three,0,2,0,172.748861,1.77001,8960.334458
three,0,4,2,180.928861,1.742446,10463.681107
three,0,3,1,184.012861,1.997981,10937.027875
three,0,2,0,165.008861,1.861926,8109.946227
three,0,3,1,184.236861,1.852611,9926.684989
three,0,4,2,194.550861,2.142774,12453.85598
three,0,2,0,145.912861,1.655749,5204.765756
three,0,4,2,163.454861,1.716028,7601.00931
three,0,3,1,192.208861,1.940184,11319.729496
three,0,3,1,155.166861,1.767925,7200.174744
three,0,3,1,169.888861,1.787292,8188.013445
three,0,3,1,176.454861,1.816388,9791.829075
three,0,3,1,170.094861,1.783269,8538.213152
three,0,3,1,198.526861,1.945078,11782.603711
three,0,3,1,181.896861,1.896552,9601.784946
three,0,3,1,153.248861,1.790433,6610.251123
three,0,3,1,183.442861,1.982998,10757.710501
three,0,3,1,163.081861,1.730179,6343.282297
three,0,3,1,189.140861,1.978852,11244.678826
three,0,3,1,188.256861,2.050145,10306.117309
three,0,3,1,180.158861,1.943223,9071.040054
three,0,3,1,203.464861,2.246094,12199.940871
three,0,4,2,175.436861,1.973289,8248.421383
three,0,4,2,152.760861,1.725102,6333.395227
three,0,3,1,190.348861,2.190323,10871.545381
three,0,2,0,171.566861,1.749838,9298.727567
three,0,3,1,192.845861,2.04019,11367.298734
three,0,3,1,183.648861,1.989612,9150.224116
three,0,3,1,157.672861,1.772074,7814.674346
three,0,3,1,172.378861,1.911732,8420.247278
three,0,3,1,193.590861,1.92002,11953.478108
three,0,3,1,172.932861,2.003297,10281.3982
three,0,3,1,209.062861,2.29042,12900.695228
three,0,3,1,208.394861,2.143745,13418.205456
three,0,3,1,188.834861,1.946419,10856.932099
three,0,4,2,169.598861,1.727509,8910.369551
three,0,3,1,190.208861,1.991395,11393.367271
three,0,3,1,184.814861,1.945672,10767.472032
three,0,4,2,194.640861,2.130812,12182.301677
three,0,3,1,174.792861,2.003007,10477.241338
three,0,2,0,183.144861,2.034276,9036.091978
three,0,2,0,181.970861,1.986135,8527.398384
three,0,3,1,191.522861,2.133962,10939.174941
three,0,2,0,137.742861,1.525253,3801.706956
three,0,4,2,162.776861,1.780643,6368.285117
three,0,3,1,166.108861,1.871346,6979.793082
three,0,4,2,183.294861,2.005093,10691.516287
three,0,3,1,217.854861,2.374242,16356.147439
three,0,3,1,193.010861,1.910728,11054.802955
three,0,3,1,164.918861,1.726621,8540.315839
three,0,4,2,192.540861,2.076777,11453.769685
three,0,2,0,172.252861,1.822329,8623.000595
three,0,2,0,182.152861,1.94912,10137.65591
three,0,3,1,195.112861,2.026062,12050.609485
three,0,3,1,194.888861,2.195575,10933.300758
three,0,3,1,192.010861,2.002006,11134.455481
three,0,3,1,185.171861,2.016549,10421.047334
three,0,3,1,203.091861,2.221656,13438.731435
three,0,3,1,202.786861,2.069609,12568.45198
three,0,3,1,190.744861,2.042529,10965.806855
three,0,4,2,188.718861,1.974437,10852.680114
three,0,3,1,178.868861,1.848637,8202.668226
three,0,3,1,202.306861,2.109357,13632.604537
three,0,3,1,158.078861,1.753141,6033.595279
three,0,3,1,188.164861,2.050672,10296.852115
three,0,3,1,178.224861,1.940895,9466.056547
three,0,3,1,193.978861,1.973269,10038.948656
three,0,4,2,179.704861,1.869869,9534.49311
three,0,2,0,151.386861,1.631691,5850.605589
three,0,3,1,158.640861,1.702437,6889.133154
three,0,4,2,201.752861,2.00469,12247.228131
three,0,4,1,177.628861,2.045658,9595.303063
three,0,3,1,198.998861,2.148005,12700.228357
three,0,3,1,190.314861,2.023399,10211.824353
three,0,4,2,203.794861,2.201386,13935.999485
three,0,2,0,166.322861,1.918653,8118.65868
three,0,3,1,167.886861,1.835163,8525.265406
three,0,3,1,174.304861,1.717108,9232.873642
three,0,3,1,182.144861,1.932423,10334.978467
three,0,3,1,171.078861,1.89585,8202.033797
three,0,3,1,186.188861,2.071301,10971.967731
three,0,3,1,178.522861,1.955835,8373.783023
three,0,2,0,189.454861,1.972663,10830.31208
three,0,3,1,210.138861,2.164566,12664.493272
three,0,3,1,165.082861,1.643385,8263.715861
three,0,2,0,179.514861,1.926444,9187.86672
three,0,4,2,184.028861,1.764095,9560.24594
three,0,2,0,172.012861,1.778974,8697.084662
three,0,2,0,165.462861,1.608568,7739.406955
three,0,3,1,183.674861,1.950035,10405.731533
three,0,3,0,143.142861,1.546225,5338.505378
three,0,3,1,169.746861,1.852715,8150.843615
four,0,6,2,114.718861,1.460458,4695.095258
four,0,2,0,153.280861,1.706536,7560.467361
four,0,4,2,155.372861,1.695829,7497.890571
four,0,3,1,176.394861,1.883446,9628.850209
four,0,3,1,170.136861,1.94325,8860.475273
four,1,3,3,146.863861,1.549377,4952.085367
four,0,3,1,148.690861,1.709547,6028.281501
four,0,3,1,146.350861,1.692512,7045.285705
four,0,2,0,168.200861,1.807647,8384.333374
four,0,2,0,162.568861,1.749662,7734.9652
four,0,3,1,153.330861,1.724643,7442.692123
four,0,2,0,155.720861,1.75292,6811.658079
four,0,3,1,159.756861,1.707018,7929.071697
four,0,3,1,168.960861,1.833192,9456.09772
four,0,3,1,174.650861,1.841235,9831.743035
four,0,3,1,162.494861,1.726395,8058.97658
four,0,3,1,154.976861,1.824761,6841.245828
four,0,3,1,162.684861,1.812647,8306.160447
four,0,4,2,164.214861,1.824012,7819.851763
four,0,3,1,161.566861,1.823087,8481.510965
four,0,3,1,152.850861,1.787317,7950.140298
four,0,3,1,151.882861,1.698929,6699.969838
four,0,4,2,158.094861,1.679648,7023.251119
four,0,3,1,157.166861,1.770607,6909.184114
four,0,4,1,154.992861,1.773189,7537.863465
four,0,3,1,154.786861,1.77229,6892.643238
four,0,2,0,146.268861,1.594078,5163.62161
four,0,3,1,147.888861,1.602196,6286.78863
four,0,2,0,148.078861,1.622301,6558.876744
four,0,3,1,152.006861,1.722116,7239.598485
four,0,3,1,154.934861,1.688522,7329.973134
four,0,3,1,162.345861,1.740938,8835.079006
four,0,3,1,177.371861,1.952078,10193.536265
four,0,3,1,154.702861,1.684737,7370.121208
four,0,3,1,155.248861,1.750396,6838.153574
four,0,2,0,136.392861,1.368039,3387.761631
four,0,3,1,159.880861,1.691441,7813.04669
four,0,3,1,157.176861,1.709134,5932.052902
four,0,3,1,174.278861,1.984064,9116.313954
four,0,3,1,152.246861,1.737492,7674.506116
four,0,3,1,169.712861,1.862126,9081.41122
four,0,2,0,152.958861,1.754252,7027.38511
four,0,4,2,168.414861,1.86489,9126.645095
four,0,3,1,152.950861,1.641376,5971.371266
four,0,3,1,156.604861,1.794585,7836.867484
four,0,2,0,161.262861,1.74967,6405.390424
four,0,3,1,157.026861,1.667119,7316.139782
four,0,3,1,168.894861,1.901217,9983.232343
four,0,3,1,164.238861,1.825694,8714.931681
four,0,3,1,171.789861,1.932268,8982.256415
four,0,3,1,141.148861,1.567807,6003.005261
four,0,4,2,175.346861,1.958316,9890.350184
four,0,3,1,157.176861,1.759531,7474.798022
four,0,4,2,168.126861,1.883595,9468.033592
four,0,3,1,166.156861,1.820357,8595.742624
four,0,3,1,151.196861,1.675523,6378.675113
four,0,3,1,152.238861,1.67293,6403.842055
four,0,2,0,144.084861,1.659349,5879.521342
four,0,3,1,149.675861,1.732422,5827.969893
four,0,3,1,162.162861,1.703644,8031.623245
four,0,4,2,155.960861,1.772639,7675.373955
four,0,3,1,164.288861,1.822011,7826.249356
four,0,3,1,140.312861,1.522366,5668.756007
four,0,2,0,176.412861,1.895901,8599.266653
four,0,3,1,158.102861,1.782574,6902.26457
four,0,5,1,99.508861,1.549958,3579.871402
four,0,4,2,145.606861,1.699693,6961.110328
four,0,3,1,162.724861,1.827403,9359.882447
four,0,2,0,157.226861,1.816765,7665.670985
four,0,2,0,150.660861,1.764743,6041.304945
four,0,3,1,138.096861,1.530352,5602.350191
four,0,2,0,160.724861,1.809249,6880.07859
four,0,3,1,167.612861,1.961618,8222.614156
four,0,2,0,145.448861,1.550802,5775.93994
four,0,3,1,161.732861,1.750888,8265.003574
four,0,2,0,163.296861,1.880604,7781.640151
four,0,3,1,152.164861,1.777768,8090.030824
four,0,3,1,156.564861,1.593708,7486.876656
four,0,3,1,165.602861,1.908752,9296.397125
four,0,3,1,175.427861,1.94856,9886.84838
four,0,3,1,163.684861,1.75403,7703.2111
four,0,2,0,150.906861,1.735025,6092.586056
four,0,2,0,168.770861,1.781736,8563.050545
four,0,3,1,153.602861,1.768963,7176.366224
four,0,3,1,155.952861,1.648726,7043.909731
four,0,2,0,152.264861,1.693906,5996.528818
four,0,3,1,179.240861,1.959273,10298.700771
four,0,3,1,156.778861,1.69228,7357.324082
four,0,3,1,166.016861,1.788073,8751.433836
four,0,4,2,160.162861,1.792958,8453.772177
four,0,3,1,163.620861,1.738358,8313.907844
four,0,3,1,155.430861,1.640904,7442.470438
four,0,3,1,167.802861,1.858113,8587.880461
four,0,3,1,149.740861,1.711696,6359.740555
five,0,3,1,189.934861,1.856424,11787.076547
five,0,3,1,198.022861,1.94014,12364.965945
five,0,3,1,187.776861,1.804195,10927.117573
five,0,2,0,201.206861,2.119719,12258.619978
five,0,3,1,198.600861,2.011154,13512.77788
five,0,2,0,190.669861,1.831992,10589.774726
five,0,2,0,216.886861,2.153731,15639.270447
five,0,2,0,178.538861,1.864088,10124.72744
five,0,2,0,205.324861,2.06861,12950.392482
five,0,3,1,224.403861,2.272451,16731.348249
five,0,2,0,159.633861,1.781434,6340.380787
five,0,3,1,169.829861,1.713191,9155.175602
five,0,3,1,201.934861,1.940228,12500.566867
five,0,3,1,192.108861,1.949183,11871.42647
five,0,2,0,209.690861,2.099251,14252.117936
five,0,2,0,176.858861,1.880336,9021.524961
five,0,2,0,182.134861,1.883656,9684.053766
five,0,3,1,226.462861,2.321903,17572.199943
five,0,3,1,199.395861,1.943073,13363.326997
five,0,3,1,211.047861,2.188569,15227.636589
five,0,3,1,189.801861,1.763316,11438.778214
five,0,3,1,199.388861,2.22508,14037.38861
five,0,2,0,191.928861,2.006641,12731.331079
five,0,3,1,213.644861,2.193381,15399.360539
five,0,2,0,189.950861,2.153729,11182.276632
five,0,3,1,219.392861,2.214583,14739.107796
five,0,2,0,152.505861,1.667034,6263.505386
five,0,2,0,210.808861,2.192023,13242.937697
five,0,2,0,194.822861,1.932238,11839.829899
five,0,2,0,213.396861,2.177892,14333.800857
five,0,3,1,196.401861,2.019032,12940.920329
five,0,2,0,203.480861,1.969993,13239.52595
five,0,2,0,186.808861,1.945112,12189.995166
five,0,2,0,195.185861,2.015923,12302.188377
five,0,3,1,206.598861,2.024164,14745.69674
five,0,3,1,171.012861,1.948469,9400.383843
five,0,3,1,183.814861,1.831001,11323.383923
five,0,3,1,206.366861,1.994414,13477.732887
five,0,3,1,185.608861,1.835192,11030.049517
five,0,3,1,199.966861,2.039494,13436.646565
five,0,3,1,192.282861,1.983284,12149.882392
five,0,2,0,188.132861,1.960233,12290.775144
five,0,2,0,181.142861,1.956699,10845.718373
five,0,2,0,157.474861,1.854173,8127.989723
five,0,3,1,197.278861,2.054128,12679.956909
five,0,3,1,210.518861,2.076392,15091.805526
five,0,3,1,218.962861,2.305172,16695.467792
five,0,2,0,199.998861,1.970224,11900.516244
five,0,2,0,201.612861,2.018381,13667.143426
five,0,3,1,187.768861,1.959115,11744.776432
five,0,2,0,179.448861,1.857126,11172.939007
five,0,2,0,180.092861,2.037025,9605.468984
five,0,3,1,214.355861,2.082652,15228.181591
five,0,3,1,185.062861,2.021396,10928.326301
five,0,3,1,187.784861,1.855568,12254.040031
five,0,3,1,221.658861,2.182271,16295.564274
five,0,3,1,195.954861,2.076003,12586.802822
five,0,3,1,210.660861,2.187514,15847.073122
five,0,2,0,184.914861,1.93597,11989.411591
five,0,2,0,186.188861,2.119652,11926.498601
five,0,3,1,196.756861,1.968527,11902.356448
five,0,2,0,179.076861,1.806472,10529.917055
five,0,3,1,216.596861,2.145541,15700.488198
five,0,2,0,180.142861,1.685506,10686.689399
five,0,3,1,193.664861,1.904347,13225.580607
five,0,2,0,201.503861,2.035313,12698.626041
five,0,3,1,191.770861,1.882295,11819.865416
five,0,3,1,175.734861,1.902471,9847.824736
five,0,3,1,187.668861,2.00959,10700.893916
five,0,2,0,187.378861,2.087789,10873.179026
five,0,2,0,197.062861,1.878226,11408.922963
five,0,3,1,212.204861,2.182938,15406.875378
five,0,3,1,221.409861,2.255248,16320.754401
five,0,2,0,190.430861,1.852398,11344.820384
five,0,3,1,173.682861,1.663958,8841.968616
five,0,3,1,179.636861,1.817942,10675.409512
five,0,3,1,211.800861,2.098033,13733.636847
five,0,3,1,192.232861,1.958056,12567.194357
five,0,3,1,194.474861,2.001882,12748.978611
five,0,3,1,164.552861,1.668515,6735.737738
five,0,3,1,186.666861,1.915144,11283.444567
five,0,3,1,203.348861,2.009361,13495.202528
five,0,3,1,190.108861,1.95694,12037.737847
five,0,3,1,205.540861,2.122872,14013.704093
five,0,3,1,197.774861,2.158629,12291.34914
five,0,3,1,197.832861,2.009862,12181.286853
five,0,2,0,196.046861,1.989139,12145.220115
five,0,3,1,193.169861,1.919406,13072.870192
five,0,3,1,206.954861,2.066661,13778.037704
five,0,3,1,190.810861,2.159993,12616.408938
five,0,2,0,170.019861,1.685203,8105.99096
six,1,1,1,130.942861,1.514323,3510.701878
six,1,1,1,142.720861,1.598961,4312.91426
six,1,1,1,151.742861,1.603092,5137.84819
six,1,1,1,134.962861,1.377408,3387.866166
six,1,1,1,134.052861,1.364553,3101.21277
six,1,1,1,147.582861,1.600061,4292.745345
six,1,1,1,138.502861,1.444103,3744.579494
six,1,1,1,136.740861,1.369799,3674.613336
six,1,1,1,142.372861,1.539036,4074.165662
six,1,1,1,138.460861,1.411262,3502.29951
six,1,1,1,134.838861,1.442839,3505.648025
six,1,1,1,143.298861,1.432786,4600.991649
six,1,1,1,151.890861,1.556296,4766.838427
six,1,1,1,141.346861,1.401002,3372.372194
six,1,1,1,131.894861,1.529192,3291.400747
six,1,1,1,141.982861,1.501036,3979.9499
six,1,1,1,131.348861,1.492901,3110.505475
six,1,1,1,141.661861,1.548499,4162.402067
six,1,1,1,138.906861,1.381086,3649.431492
six,1,1,1,142.016861,1.478723,4026.338356
six,1,1,1,149.634861,1.542364,4258.511802
six,1,1,1,130.380861,1.486734,3279.727211
six,1,1,1,148.162861,1.623221,4515.299677
six,1,1,1,141.950861,1.529987,4273.277504
six,1,1,1,139.618861,1.385586,3607.862021
six,1,1,1,135.524861,1.434779,3419.240362
six,1,1,1,152.404861,1.620345,5243.267754
six,1,1,1,126.510861,1.441427,3470.609932
six,1,1,1,162.552861,1.710115,5769.388313
six,1,1,1,133.696861,1.490824,3368.277093
six,1,1,1,140.264861,1.510713,4096.720409
six,1,1,1,171.946861,1.766459,6143.414859
six,1,1,1,135.648861,1.462062,3736.662912
six,1,1,1,137.022861,1.346556,3593.774748
six,1,1,1,136.096861,1.438809,3489.152834
six,1,1,1,133.382861,1.534821,3755.549532
six,1,1,1,130.678861,1.33456,2708.419536
six,1,1,1,137.344861,1.547297,4140.009071
six,1,1,1,138.700861,1.477798,3694.513743
six,1,2,2,159.598861,1.608955,5502.827209
six,1,1,1,152.528861,1.462137,4580.154276
six,1,1,1,135.110861,1.385279,3389.102913
six,1,1,1,134.970861,1.428913,3370.497447
six,1,1,1,136.988861,1.412959,3650.416823
six,1,1,1,155.670861,1.470347,5679.536968
six,1,1,1,160.144861,1.525486,5962.293154
six,1,1,1,133.358861,1.370034,3378.034885
six,1,1,1,171.996861,1.786024,6515.445589
six,1,1,1,140.494861,1.446224,3752.246386
six,1,1,1,139.188861,1.36125,3415.757077
six,1,1,1,132.432861,1.47328,3333.168392
six,1,1,1,129.628861,1.373326,2862.955699
six,1,1,1,133.920861,1.564621,3808.021317
six,1,1,1,140.214861,1.389782,3632.041577
six,1,1,1,157.680861,1.496903,5409.010126
six,1,1,1,166.546861,1.848482,6782.349521
six,1,1,1,137.046861,1.442786,3381.939491
six,1,1,1,136.020861,1.390027,3244.831236
six,1,1,1,131.556861,1.430543,3499.257465
six,1,1,1,143.026861,1.613885,4249.885793
six,1,1,1,138.898861,1.395824,3744.705281
six,1,1,1,136.648861,1.467495,3665.44948
six,1,1,1,131.596861,1.338682,3078.477817
six,1,1,1,136.790861,1.384336,3384.28946
six,1,1,1,145.482861,1.596269,4437.112998
six,1,1,1,131.554861,1.400662,3258.891919
six,1,1,1,133.812861,1.555376,3787.03556
six,1,1,1,150.428861,1.510733,4752.267346
six,1,1,1,136.294861,1.45424,3827.672983
six,1,1,1,133.780861,1.445097,3121.224259
six,1,1,1,136.294861,1.45424,3827.672983
six,1,1,1,135.732861,1.339581,3411.370174
six,1,1,1,143.332861,1.556284,4119.686803
six,1,1,1,134.796861,1.340223,3433.305405
six,1,1,1,133.126861,1.336972,2968.131873
six,1,1,1,136.690861,1.469011,3634.575642
six,1,1,1,132.464861,1.343152,3124.956408
six,1,1,1,137.376861,1.478531,3882.010465
six,1,1,1,140.386861,1.548576,3944.362536
six,1,1,1,157.770861,1.501162,5613.315099
six,1,2,1,139.850861,1.458158,3524.816504
six,1,1,1,133.564861,1.429206,3456.270609
six,1,1,1,141.528861,1.53556,3979.06929
six,1,1,1,138.774861,1.481761,3734.586274
six,1,1,1,137.012861,1.431504,3631.859403
six,1,1,1,130.703861,1.344543,3161.165244
six,1,1,1,135.260861,1.495467,3592.353529
six,1,1,1,131.960861,1.498641,3091.3223
six,1,1,1,136.938861,1.45077,3536.37416
six,1,1,1,135.168861,1.543856,3889.058587
six,1,1,1,134.598861,1.521221,3870.753021
six,1,1,1,134.920861,1.559018,3429.917439
six,1,1,1,128.180861,1.303085,2349.582604
six,1,2,2,149.890861,1.65977,4528.578862
six,1,1,1,133.820861,1.400076,3309.147418
six,1,1,1,155.008861,1.653914,5159.228493
six,1,1,1,154.884861,1.451577,4985.377018
six,1,1,1,156.952861,1.685543,5663.024169
six,1,1,1,135.044861,1.339365,3242.808674
seven,0,2,0,184.598861,1.9221,7624.827763
seven,0,2,0,153.652861,1.662192,5307.170667
seven,0,2,0,158.738861,1.737778,6341.384316
seven,0,2,0,151.204861,1.634509,5107.93271
seven,0,2,0,144.398861,1.685592,5173.811508
seven,0,2,0,138.784861,1.625635,4338.716587
seven,0,2,0,154.016861,1.648052,5139.937308
seven,0,2,0,169.588861,1.803043,7834.897663
seven,0,2,0,160.186861,1.689931,5803.083754
seven,0,2,0,150.038861,1.666552,5114.151769
seven,0,2,0,152.180861,1.873594,6067.469846
seven,0,3,1,149.352861,1.746414,5238.074186
seven,0,3,1,163.560861,1.790566,6611.494089
seven,0,2,0,166.214861,1.749858,7366.939967
seven,0,2,0,149.566861,1.647322,5125.744353
seven,0,2,0,143.156861,1.64048,4602.78002
seven,0,2,0,164.668861,1.786624,6406.445856
seven,0,2,0,149.682861,1.642353,5062.765658
seven,0,2,0,167.190861,1.78902,7505.717974
seven,0,2,0,150.782861,1.749659,5262.351145
seven,0,2,0,153.056861,1.799023,6496.403962
seven,0,2,0,165.818861,1.749347,7206.800154
seven,0,2,0,167.090861,1.885418,7108.826104
seven,0,2,0,151.700861,1.72422,5305.917686
seven,0,3,1,158.374861,1.772942,6822.504922
seven,0,2,0,156.150861,1.815022,5879.715664
seven,0,2,0,179.256861,1.969827,8722.854512
seven,0,2,0,147.788861,1.619124,4827.525901
seven,0,2,0,148.202861,1.680375,5132.458296
seven,0,2,0,158.482861,1.72848,6313.478862
seven,0,2,0,167.670861,1.790296,6451.14901
seven,0,2,0,158.796861,1.720371,5638.379721
seven,0,2,0,149.070861,1.691584,5162.241482
seven,0,2,0,159.540861,1.776231,7222.245272
seven,0,2,0,147.474861,1.665408,5107.881513
seven,0,2,0,149.252861,1.618167,5040.41472
seven,0,3,1,161.518861,1.764231,6808.958115
seven,0,2,0,171.490861,1.965168,7399.497323
seven,0,2,0,157.158861,1.670889,5314.059776
seven,0,2,0,155.596861,1.675845,5590.624059
seven,0,3,1,157.266861,1.824898,6479.274489
seven,0,2,0,148.640861,1.637123,4923.796397
seven,0,3,0,151.138861,1.776479,5758.678756
seven,0,2,0,163.964861,1.922235,6905.209731
seven,0,2,0,150.558861,1.768127,5307.033963
seven,0,3,1,152.378861,1.769676,5600.139191
seven,0,2,0,159.168861,1.804712,6686.468148
seven,0,3,1,161.550861,1.81135,7658.608567
seven,0,2,0,165.494861,1.882531,7756.242588
seven,0,2,0,171.276861,1.892213,7905.111696
seven,0,3,1,151.386861,1.755183,5791.839752
seven,0,2,0,175.700861,1.893754,7733.443267
seven,0,2,0,150.964861,1.711692,5378.153104
seven,0,2,0,154.578861,1.735923,5632.260445
seven,0,2,0,153.528861,1.698746,5613.870729
seven,0,2,0,184.722861,2.028354,8516.526479
seven,0,2,0,147.284861,1.71781,5360.558664
seven,0,2,0,167.802861,1.908784,6848.912428
seven,0,2,0,176.800861,1.837155,7854.619245
seven,0,3,1,162.741861,1.7816,6573.338199
seven,0,2,0,142.090861,1.63912,4859.757671
seven,0,2,0,141.908861,1.630219,4761.696756
seven,0,2,0,145.704861,1.556871,4794.74799
seven,0,2,0,149.352861,1.584524,4844.883902
seven,0,3,1,150.800861,1.613639,5583.441335
seven,0,2,0,159.012861,1.717652,5416.057025
seven,0,2,0,151.270861,1.617505,4878.17347
seven,0,2,0,145.076861,1.561402,4603.182278
seven,0,2,0,149.520861,1.897725,7289.736604
seven,0,2,0,151.204861,1.748648,5467.945396
seven,0,2,0,158.036861,1.679032,6097.384825
seven,0,2,0,164.255861,1.729234,5534.869802
seven,0,3,1,164.982861,1.9392,8268.120006
seven,0,2,0,172.102861,1.879837,7773.638677
seven,0,3,1,149.352861,1.746414,5238.074186
seven,0,2,0,170.870861,1.895008,7771.979905
seven,0,3,1,150.038861,1.743979,6081.528557
seven,0,2,0,152.122861,1.605981,5428.167873
seven,0,2,0,150.534861,1.603885,5077.808816
seven,0,2,0,163.354861,1.956053,6661.612236
seven,0,2,0,144.538861,1.648178,4699.553636
seven,0,3,1,166.504861,1.748048,7388.362408
seven,0,2,0,156.216861,1.80661,5682.88196
seven,0,2,0,148.458861,1.708299,5631.359601
seven,0,3,1,163.626861,1.807698,7304.594738
seven,0,2,0,152.742861,1.62625,5287.995946
seven,0,2,0,154.314861,1.793681,6255.514276
seven,0,2,0,154.264861,1.700362,5804.513685
seven,0,3,1,148.872861,1.637185,5111.118269
seven,0,2,0,164.552861,1.753241,6549.033872
seven,0,2,0,156.414861,1.872952,6110.753781
seven,0,2,0,153.404861,1.728226,5576.294043
seven,0,2,0,158.400861,1.675783,5618.883059
seven,0,2,0,149.376861,1.600707,5019.134661
seven,0,2,0,171.086861,1.882908,7781.404533
seven,0,2,0,149.270861,1.600726,5011.899493
seven,0,2,0,165.982861,1.778655,6568.861082
seven,0,2,0,154.744861,1.817286,6011.443644
eight,2,0,2,126.493861,1.276847,1847.042501
eight,2,0,2,132.886861,1.296504,2076.596079
eight,2,0,2,136.102861,1.279797,1938.760646
eight,2,0,2,141.064861,1.350685,2055.06725
eight,2,0,2,135.772861,1.322291,2157.832651
eight,2,0,2,135.590861,1.267958,2172.984231
eight,2,0,2,126.063861,1.279903,1997.840212
eight,2,0,2,136.706861,1.298527,2043.126189
eight,2,0,2,137.054861,1.366071,2099.035964
eight,2,0,2,135.408861,1.392017,2407.18951
eight,2,0,2,138.095861,1.456876,2212.692582
eight,2,0,2,139.700861,1.315092,2066.564689
eight,2,0,2,131.778861,1.272818,2035.183902
eight,2,0,2,137.938861,1.252616,2444.598327
eight,2,0,2,127.634861,1.256588,2098.88005
eight,2,0,2,126.527861,1.30506,2250.359111
eight,2,0,2,126.650861,1.301121,1923.825353
eight,2,0,2,128.775861,1.320327,1830.49453
eight,1,1,1,190.538861,1.877032,8102.434476
eight,1,1,1,180.796861,1.930449,8700.297025
eight,2,0,2,131.472861,1.239017,1861.615988
eight,2,0,2,127.254861,1.283707,2108.481483
eight,2,0,2,134.431861,1.296923,2001.014145
eight,2,0,2,140.419861,1.347618,2450.191202
eight,2,0,2,126.038861,1.266591,1692.114899
eight,2,0,2,132.944861,1.300966,1951.218327
eight,2,0,2,132.438861,1.35431,1942.15511
eight,2,0,2,133.474861,1.241368,2036.58768
eight,2,0,2,140.569861,1.402859,2524.030891
eight,2,0,2,134.564861,1.263231,1841.434062
eight,1,1,1,122.978861,1.14313,1721.758291
eight,2,0,2,133.060861,1.342277,2114.702755
eight,2,0,2,128.924861,1.329784,1922.10832
eight,2,0,2,125.392861,1.223389,1671.228645
eight,2,0,2,127.378861,1.27682,1909.905917
eight,2,0,2,132.422861,1.284319,1909.576262
eight,2,0,2,138.634861,1.363225,2542.039593
eight,2,0,2,125.046861,1.353733,2248.211841
eight,2,0,2,139.013861,1.425297,2520.049956
eight,2,0,2,123.938861,1.280927,1828.756603
eight,2,0,2,134.861861,1.255633,2222.223344
eight,2,0,2,128.626861,1.343888,1933.915092
eight,2,0,2,130.578861,1.223107,1619.730951
eight,2,0,2,136.896861,1.380973,2133.624807
eight,2,0,2,131.496861,1.311491,2063.889277
eight,2,0,2,136.019861,1.340774,2164.1778
eight,2,0,2,129.983861,1.340706,2249.368104
eight,2,0,2,141.097861,1.384923,2532.448181
eight,2,0,2,132.150861,1.284722,2083.884381
eight,2,0,2,130.892861,1.334125,1668.25292
eight,2,0,2,132.009861,1.319083,1899.841952
eight,2,0,2,135.912861,1.276593,2114.62544
eight,2,0,2,130.198861,1.238115,1786.454317
eight,2,0,2,136.954861,1.287808,2010.754617
eight,2,0,2,130.966861,1.328822,1835.493177
eight,2,0,2,133.398861,1.29455,2121.614274
eight,2,0,2,132.390861,1.28782,1863.827867
eight,2,0,2,132.994861,1.308561,2065.998751
eight,2,0,2,127.990861,1.193613,1837.066641
eight,2,0,2,133.556861,1.265026,1872.546277
eight,2,0,2,128.784861,1.201674,1649.756224
eight,2,0,2,126.980861,1.280943,1651.017993
eight,2,0,2,125.774861,1.279457,1791.271365
eight,2,0,2,135.532861,1.288838,1940.111926
eight,2,0,2,132.902861,1.341541,1871.073825
eight,2,0,2,125.534861,1.271243,1763.870384
eight,2,0,2,133.316861,1.380633,2400.049867
eight,2,0,2,136.747861,1.363863,2222.478423
eight,1,1,1,131.795861,1.305529,2636.675607
eight,2,0,2,133.250861,1.35025,2140.450321
eight,2,0,2,132.720861,1.266422,1747.685781
eight,2,0,2,133.084861,1.329825,1885.387383
eight,2,0,2,131.148861,1.345546,2211.306863
eight,2,0,2,131.554861,1.327085,2967.872238
eight,2,0,2,136.954861,1.29357,2256.301916
eight,2,0,2,133.125861,1.348984,2289.727102
eight,2,0,2,121.424861,1.238431,1917.771659
eight,2,0,2,120.126861,1.408302,2450.887635
eight,2,0,2,125.831861,1.254208,1852.241551
eight,2,0,2,138.443861,1.417581,2797.936673
eight,2,0,2,138.972861,1.308967,2188.831933
eight,2,0,2,137.152861,1.38179,2300.605046
eight,2,0,2,137.243861,1.352839,2252.597869
eight,2,0,2,139.130861,1.339128,2498.09638
eight,2,0,2,131.232861,1.274285,1785.374617
eight,2,0,2,129.528861,1.279135,1872.963289
eight,2,0,2,137.632861,1.44095,2371.636337
eight,2,0,2,129.438861,1.280603,1817.131759
eight,2,0,2,134.018861,1.265839,1898.301427
eight,2,0,2,132.034861,1.299906,1753.743028
eight,2,0,2,128.676861,1.286587,1777.753184
eight,2,0,2,125.956861,1.286337,1810.839013
eight,2,0,2,125.368861,1.263068,2031.281448
eight,2,0,2,136.102861,1.323928,1866.865532
eight,1,1,1,133.447861,1.221363,2124.816323
eight,2,0,2,134.068861,1.248931,1891.984879
eight,2,0,2,134.366861,1.306265,1958.665971
eight,2,0,2,138.278861,1.363874,2915.485172
eight,2,0,2,140.552861,1.313638,2327.407319
eight,2,0,2,149.782861,1.438308,3298.129044
eight,2,0,2,134.224861,1.402375,2234.114623
eight,2,0,2,122.450861,1.38839,2048.900414
eight,2,0,2,133.878861,1.263102,2044.167616
eight,2,1,3,128.668861,1.269088,1728.209448
eight,2,0,2,132.827861,1.367301,2099.973355
nine,1,1,1,166.546861,1.848482,6782.349521
nine,1,1,1,135.996861,1.444872,3362.541425
nine,1,1,1,142.372861,1.539036,4074.165662
nine,1,1,1,132.522861,1.489415,3423.617981
nine,1,1,1,147.706861,1.550698,4393.090846
nine,1,1,1,143.332861,1.556284,4119.686803
nine,1,1,1,138.782861,1.456001,3590.409352
nine,1,1,1,128.594861,1.283351,2595.600228
nine,1,1,1,132.472861,1.419565,3442.718957
nine,1,1,1,135.574861,1.437334,4073.644988
nine,1,1,1,137.502861,1.403331,3465.855896
nine,1,1,1,134.144861,1.464134,3608.452753
nine,1,1,1,153.562861,1.645564,4823.132617
nine,1,1,1,133.920861,1.564621,3808.021317
nine,1,1,1,134.632861,1.509539,3598.942779
nine,1,1,1,155.008861,1.653914,5159.228493
nine,1,1,1,152.528861,1.462137,4580.154276
nine,1,1,1,139.214861,1.615425,4018.886646
nine,1,1,1,136.888861,1.410044,3564.512916
nine,1,1,1,129.330861,1.291504,2478.487674
nine,1,1,1,130.702861,1.442858,3076.358131
nine,1,1,1,138.774861,1.481761,3734.586274
nine,1,1,1,148.698861,1.583194,4722.321164
nine,1,1,1,133.812861,1.555376,3787.03556
nine,1,1,1,141.256861,1.56658,4140.395264
nine,1,1,1,144.994861,1.582557,4458.557371
nine,1,1,1,153.256861,1.667748,5103.719867
nine,1,1,1,137.022861,1.346556,3593.774748
nine,1,1,1,137.930861,1.353019,3194.798349
nine,1,1,1,139.850861,1.535636,4077.83686
nine,1,1,1,141.810861,1.490865,3927.745016
nine,1,1,1,138.700861,1.477798,3694.513743
nine,1,1,1,149.634861,1.542364,4258.511802
nine,1,1,1,162.790861,1.705517,5963.337205
nine,1,1,1,151.162861,1.542743,4900.632511
nine,1,1,1,135.648861,1.462062,3736.662912
nine,1,1,1,128.469861,1.404298,3095.057527
nine,1,1,1,151.742861,1.603092,5137.84819
nine,1,1,1,134.970861,1.428913,3370.497447
nine,1,1,1,130.926861,1.237328,2435.214416
nine,1,1,1,150.428861,1.510733,4752.267346
nine,1,1,1,136.938861,1.45077,3536.37416
nine,1,1,1,134.110861,1.387921,3158.131629
nine,1,1,1,154.884861,1.451577,4985.377018
nine,1,1,1,137.046861,1.442786,3381.939491
nine,1,1,1,145.482861,1.596269,4437.112998
nine,1,1,1,134.920861,1.559018,3429.917439
nine,1,1,1,159.268861,1.583536,5357.082343
nine,1,1,1,133.862861,1.420187,3675.347469
nine,1,1,1,138.270861,1.497997,4050.590448
nine,1,1,1,157.680861,1.589619,5287.677612
nine,1,1,1,142.926861,1.426381,4118.32732
nine,1,1,1,171.516861,1.624576,6554.344946
nine,1,1,1,140.264861,1.510713,4096.720409
nine,1,1,1,135.102861,1.464756,3662.653051
nine,1,1,1,134.814861,1.395206,3344.928005
nine,1,1,1,138.558861,1.482644,3905.883497
nine,1,1,1,136.988861,1.412959,3650.416823
nine,1,1,1,133.490861,1.473635,3724.809452
nine,1,1,1,135.772861,1.437404,3501.144668
nine,1,1,1,139.188861,1.36125,3415.757077
nine,1,1,1,130.042861,1.364308,2948.697092
nine,1,1,1,133.812861,1.435998,3300.499158
nine,1,1,1,150.592861,1.494493,5004.589369
nine,1,1,1,143.298861,1.432786,4600.991649
nine,1,1,1,139.882861,1.475729,3902.319985
nine,1,1,1,142.098861,1.5065,3962.68766
nine,1,1,1,138.460861,1.411262,3502.29951
nine,0,2,0,138.732861,1.397708,3486.447016
nine,1,1,1,135.954861,1.416569,3366.193694
nine,1,1,1,131.596861,1.338682,3078.477817
nine,1,1,1,142.588861,1.61934,4173.608132
nine,1,1,1,134.780861,1.424896,3456.046833
nine,1,2,2,159.598861,1.608955,5502.827209
nine,1,1,1,157.498861,1.655794,5326.025889
nine,1,1,1,133.622861,1.33688,3103.297143
nine,1,1,1,140.214861,1.389782,3632.041577
nine,1,1,1,136.790861,1.384336,3384.28946
nine,1,1,1,150.360861,1.503396,4641.723604
nine,1,1,1,141.462861,1.427947,3822.61863
nine,1,1,1,132.158861,1.51445,3409.961788
nine,1,1,1,128.180861,1.303085,2349.582604
nine,1,1,1,145.662861,1.514625,3993.685699
nine,1,1,1,140.610861,1.547502,4022.354174
nine,1,1,1,133.688861,1.416339,3347.27832
nine,1,1,1,134.374861,1.414656,3335.647878
nine,1,1,1,134.598861,1.521221,3870.753021
nine,1,1,1,140.494861,1.446224,3752.246386
nine,1,1,1,134.688861,1.338318,3260.97243
nine,1,1,1,130.578861,1.441489,3346.083932
nine,1,1,1,128.230861,1.30956,2741.03901
nine,1,1,1,133.126861,1.336972,2968.131873
nine,1,1,1,146.490861,1.441351,3786.027658
nine,1,1,1,142.992861,1.521359,4346.464588
nine,1,1,1,137.616861,1.411906,3772.102425
nine,1,1,1,141.528861,1.53556,3979.06929
nine,0,2,0,183.906861,1.976439,9575.16658
nine,1,1,1,135.326861,1.375732,2986.026595
nine,1,1,1,141.982861,1.501036,3979.9499
